# target,0010000010000000101100111001001011101010110000100011110110100001110100011100101110100111100100000101
i,j,weight
0,0,30.127061
0,1,-0.195913
0,2,3.575027
0,3,-1.797452
0,4,-0.274765
0,5,1.303196
0,6,-0.215187
0,7,-0.384312
0,8,2.099417
0,9,-2.755978
0,10,-3.717262
0,11,0.517624
0,12,-1.525485
0,13,0.159805
0,14,1.908258
0,15,-1.862038
0,16,3.628910
0,17,-0.998684
0,18,6.776522
0,19,6.415651
0,20,-0.199841
0,21,-0.008155
0,22,7.556369
0,23,6.507100
0,24,3.961131
0,25,-1.233813
0,26,1.745805
0,27,7.554869
0,28,-0.425344
0,29,-2.203394
0,30,6.870606
0,31,-2.387524
0,32,7.218253
0,33,3.429883
0,34,1.657348
0,35,-2.114322
0,36,7.746303
0,37,-0.630611
0,38,2.866638
0,39,-1.249990
0,40,5.408408
0,41,3.437808
0,42,-2.650829
0,43,-1.406033
0,44,1.022845
0,45,-3.111477
0,46,2.916787
0,47,-0.099434
0,48,-0.345594
0,49,-1.738811
0,50,7.195079
0,51,4.624228
0,52,8.008773
0,53,4.053232
0,54,-0.697198
0,55,6.093722
0,56,3.583486
0,57,-1.356077
0,58,2.422160
0,59,-1.007126
0,60,0.737210
0,61,-0.909040
0,62,-2.317789
0,63,5.513089
0,64,7.743233
0,65,9.466811
0,66,-2.448273
0,67,7.003687
0,68,-1.432983
0,69,-0.427641
0,70,-1.973226
0,71,5.731307
0,72,5.997569
0,73,4.125978
0,74,-0.606105
0,75,-2.046435
0,76,5.439394
0,77,-0.100208
0,78,5.809629
0,79,7.291290
0,80,5.590978
0,81,1.014177
0,82,3.731536
0,83,0.338268
0,84,-3.040283
0,85,3.207953
0,86,3.513832
0,87,5.375246
0,88,7.437160
0,89,-0.146095
0,90,-1.001841
0,91,6.806530
0,92,-0.179763
0,93,-0.943890
0,94,-0.546218
0,95,-0.208744
0,96,-0.081989
0,97,5.371642
0,98,-2.580986
0,99,4.399034
1,1,38.342740
1,2,5.494690
1,3,0.053665
1,4,-0.348180
1,5,-1.241895
1,6,-0.510298
1,7,-0.149079
1,8,3.590402
1,9,-0.904261
1,10,-0.028257
1,11,-0.278996
1,12,0.394366
1,13,0.568081
1,14,-3.561318
1,15,0.833361
1,16,7.708530
1,17,0.707203
1,18,3.826186
1,19,5.352399
1,20,-3.345535
1,21,-0.944466
1,22,4.591711
1,23,5.329227
1,24,4.841412
1,25,-1.067451
1,26,1.642766
1,27,3.076353
1,28,-2.271406
1,29,-0.349068
1,30,5.799791
1,31,1.303598
1,32,5.843599
1,33,7.363752
1,34,4.091386
1,35,-2.335113
1,36,6.449024
1,37,-0.476462
1,38,5.164163
1,39,-1.103830
1,40,8.104426
1,41,4.296112
1,42,-0.474604
1,43,-1.580146
1,44,1.196580
1,45,-0.482077
1,46,5.356804
1,47,-0.891433
1,48,-3.039659
1,49,-1.411386
1,50,3.784901
1,51,4.554031
1,52,6.228820
1,53,4.885862
1,54,-0.734210
1,55,5.244965
1,56,5.899693
1,57,-1.606773
1,58,3.058386
1,59,0.302187
1,60,-2.032188
1,61,-0.390348
1,62,-0.613536
1,63,5.633568
1,64,4.753208
1,65,4.676066
1,66,-0.821883
1,67,6.587588
1,68,-1.642660
1,69,-0.605735
1,70,-1.858002
1,71,3.265220
1,72,4.067399
1,73,6.373634
1,74,-0.646246
1,75,0.668510
1,76,7.215365
1,77,-2.925090
1,78,4.177271
1,79,5.186355
1,80,6.151001
1,81,-1.038058
1,82,3.960853
1,83,0.469143
1,84,-0.554802
1,85,5.737001
1,86,6.238601
1,87,6.297359
1,88,6.567891
1,89,-0.268071
1,90,-2.519336
1,91,6.967273
1,92,1.289902
1,93,-2.386613
1,94,-0.692312
1,95,-1.066155
1,96,0.164090
1,97,6.128019
1,98,-2.185029
1,99,3.216831
2,2,-40.697089
2,3,5.460414
2,4,5.033953
2,5,2.659154
2,6,6.060081
2,7,9.346200
2,8,-11.961410
2,9,3.332368
2,10,4.266795
2,11,6.261978
2,12,5.750966
2,13,6.128663
2,14,6.420743
2,15,4.930651
2,16,-14.402053
2,17,7.724865
2,18,-10.790947
2,19,-12.573143
2,20,6.168908
2,21,3.190611
2,22,-12.097183
2,23,-6.336387
2,24,-10.696924
2,25,5.172005
2,26,2.369250
2,27,-10.943156
2,28,7.054138
2,29,6.734042
2,30,-12.179130
2,31,6.469219
2,32,-12.182168
2,33,-7.810342
2,34,-10.008850
2,35,7.669499
2,36,-8.547281
2,37,5.998903
2,38,-10.125091
2,39,3.840966
2,40,-3.921728
2,41,-7.512243
2,42,7.100136
2,43,5.132014
2,44,9.006575
2,45,7.088848
2,46,-10.568325
2,47,6.443278
2,48,4.519835
2,49,3.774157
2,50,-8.594894
2,51,-12.636983
2,52,-7.501441
2,53,-7.299120
2,54,6.973156
2,55,-4.475223
2,56,-10.233476
2,57,4.942211
2,58,-13.034348
2,59,6.320154
2,60,5.222069
2,61,4.554009
2,62,6.861442
2,63,-9.446630
2,64,-9.763794
2,65,-9.576162
2,66,6.126846
2,67,-7.317569
2,68,5.327188
2,69,3.443508
2,70,7.055783
2,71,-10.284572
2,72,-9.910569
2,73,-6.309819
2,74,2.817656
2,75,3.071806
2,76,-11.151883
2,77,4.643190
2,78,-10.554819
2,79,-11.545874
2,80,-6.843402
2,81,6.578876
2,82,-8.304158
2,83,4.783282
2,84,2.714694
2,85,-9.648681
2,86,-5.666204
2,87,-12.289548
2,88,-10.945681
2,89,4.524005
2,90,5.557044
2,91,-9.333598
2,92,2.932985
2,93,1.501983
2,94,6.574905
2,95,6.323776
2,96,5.695919
2,97,-5.690531
2,98,4.320405
2,99,-9.767593
3,3,18.518384
3,4,-0.479648
3,5,0.381943
3,6,1.567816
3,7,-0.119665
3,8,3.323168
3,9,-2.388892
3,10,-1.602126
3,11,-0.581038
3,12,-0.641734
3,13,-1.203984
3,14,-2.470286
3,15,-1.859422
3,16,4.379947
3,17,-0.901538
3,18,7.181571
3,19,5.881556
3,20,0.661917
3,21,0.631501
3,22,8.467129
3,23,5.246268
3,24,7.603521
3,25,0.752221
3,26,0.561884
3,27,8.228714
3,28,-2.385046
3,29,-0.926763
3,30,2.893768
3,31,-1.745134
3,32,5.444638
3,33,3.331399
3,34,5.290531
3,35,-2.493096
3,36,5.199720
3,37,1.501042
3,38,2.527902
3,39,-1.644235
3,40,8.441096
3,41,7.090376
3,42,0.026536
3,43,1.712331
3,44,-0.526441
3,45,0.698137
3,46,3.383204
3,47,-3.028235
3,48,-1.707684
3,49,-0.599788
3,50,6.876553
3,51,5.455296
3,52,5.430536
3,53,8.756972
3,54,-1.480057
3,55,7.454714
3,56,4.488506
3,57,-0.762052
3,58,6.924803
3,59,0.338678
3,60,-0.576181
3,61,-3.143228
3,62,-1.760352
3,63,5.285547
3,64,4.748566
3,65,5.254162
3,66,1.351607
3,67,3.984174
3,68,-2.292873
3,69,1.236652
3,70,-2.747871
3,71,6.590258
3,72,5.926599
3,73,7.780718
3,74,-0.536392
3,75,-0.293204
3,76,3.952375
3,77,-2.052134
3,78,9.093052
3,79,4.277250
3,80,5.132860
3,81,-2.853799
3,82,4.046888
3,83,0.029401
3,84,-0.303548
3,85,4.512988
3,86,8.351382
3,87,5.309252
3,88,4.857855
3,89,-1.811442
3,90,-1.644488
3,91,5.303972
3,92,0.834926
3,93,-0.939844
3,94,-0.321220
3,95,-1.161300
3,96,-1.061303
3,97,3.820033
3,98,0.582096
3,99,6.465430
4,4,24.871270
4,5,2.105835
4,6,-1.549108
4,7,-0.945409
4,8,4.580336
4,9,-2.125136
4,10,-0.054238
4,11,-1.964241
4,12,1.269354
4,13,0.480565
4,14,-0.116104
4,15,0.273202
4,16,5.175996
4,17,-0.216482
4,18,4.157577
4,19,3.485347
4,20,-0.847909
4,21,-0.213234
4,22,6.200143
4,23,6.786594
4,24,8.036359
4,25,-2.403708
4,26,-0.679618
4,27,7.088862
4,28,0.031815
4,29,-1.456958
4,30,5.934620
4,31,-1.009992
4,32,3.305456
4,33,3.988903
4,34,6.387790
4,35,1.092190
4,36,8.171373
4,37,0.850500
4,38,5.546323
4,39,-0.995838
4,40,4.783706
4,41,3.704647
4,42,0.557722
4,43,-1.966110
4,44,-2.403492
4,45,0.712061
4,46,6.335904
4,47,0.384819
4,48,-2.873531
4,49,-1.091549
4,50,1.941675
4,51,3.665537
4,52,6.304672
4,53,4.347551
4,54,0.413899
4,55,8.234793
4,56,5.248837
4,57,0.067099
4,58,5.784721
4,59,-2.361919
4,60,-1.469644
4,61,0.788016
4,62,1.816443
4,63,5.149036
4,64,5.856703
4,65,5.719634
4,66,0.526936
4,67,3.321885
4,68,0.099293
4,69,0.411187
4,70,-1.626991
4,71,6.732416
4,72,4.697426
4,73,5.136791
4,74,-0.919230
4,75,0.724255
4,76,5.350705
4,77,0.793941
4,78,5.607116
4,79,6.444444
4,80,4.096288
4,81,-0.727300
4,82,6.072406
4,83,-0.627699
4,84,0.645541
4,85,4.029271
4,86,5.024992
4,87,2.745235
4,88,2.011268
4,89,-0.146092
4,90,-1.832704
4,91,2.675320
4,92,0.534100
4,93,-0.820839
4,94,-0.982703
4,95,-0.238766
4,96,-2.003289
4,97,5.963239
4,98,-0.931326
4,99,6.268739
5,5,19.409453
5,6,-1.294209
5,7,-2.682146
5,8,6.070285
5,9,-2.879367
5,10,0.789800
5,11,-1.369096
5,12,-1.749003
5,13,0.100652
5,14,-0.960535
5,15,-1.554101
5,16,4.149452
5,17,-1.840484
5,18,4.210287
5,19,7.665282
5,20,-2.059409
5,21,-0.517715
5,22,3.762268
5,23,6.421618
5,24,3.422096
5,25,-0.148186
5,26,-1.321974
5,27,1.642982
5,28,-2.797870
5,29,-0.308149
5,30,3.412352
5,31,-1.205320
5,32,6.501288
5,33,5.916984
5,34,6.805670
5,35,0.084436
5,36,4.748164
5,37,-1.456621
5,38,5.975040
5,39,0.617863
5,40,2.010743
5,41,5.918346
5,42,-0.035217
5,43,-1.826656
5,44,-0.217117
5,45,-0.963648
5,46,5.712684
5,47,-1.054382
5,48,1.062942
5,49,-2.747943
5,50,4.721651
5,51,6.744149
5,52,4.131592
5,53,4.123688
5,54,-2.188904
5,55,2.946255
5,56,3.356381
5,57,-2.229292
5,58,4.937049
5,59,0.043751
5,60,-0.193495
5,61,-1.575700
5,62,-0.865447
5,63,6.068692
5,64,7.382087
5,65,6.096010
5,66,-0.702488
5,67,5.641008
5,68,0.248873
5,69,0.331292
5,70,-1.682251
5,71,5.739264
5,72,6.942409
5,73,9.017131
5,74,0.872459
5,75,-1.832285
5,76,3.836803
5,77,-0.240121
5,78,6.602205
5,79,5.717397
5,80,5.635651
5,81,0.524904
5,82,4.074459
5,83,-2.722378
5,84,0.245467
5,85,5.131616
5,86,6.077334
5,87,7.055968
5,88,6.713939
5,89,-2.621500
5,90,-0.573818
5,91,6.731581
5,92,0.311634
5,93,2.198900
5,94,-1.051304
5,95,-0.713643
5,96,0.570350
5,97,5.522391
5,98,-0.398456
5,99,3.741677
6,6,3.750212
6,7,-0.780167
6,8,7.522874
6,9,-0.571763
6,10,-1.143676
6,11,-2.240145
6,12,0.220989
6,13,1.934424
6,14,-1.419833
6,15,-1.552779
6,16,4.352831
6,17,0.294192
6,18,9.223308
6,19,3.383311
6,20,0.418463
6,21,-0.505149
6,22,4.815173
6,23,3.292036
6,24,3.814279
6,25,1.368103
6,26,1.278099
6,27,7.283382
6,28,-0.233909
6,29,-1.610202
6,30,4.445111
6,31,-0.594915
6,32,8.880056
6,33,3.603574
6,34,4.389138
6,35,-0.436687
6,36,3.232317
6,37,-1.318619
6,38,5.308357
6,39,-0.857534
6,40,8.421159
6,41,8.095992
6,42,-0.932870
6,43,-0.465553
6,44,0.192945
6,45,-0.822583
6,46,4.071440
6,47,-1.225245
6,48,-0.982321
6,49,0.314241
6,50,8.148562
6,51,6.827254
6,52,4.768939
6,53,5.354039
6,54,-2.006699
6,55,5.478786
6,56,5.872433
6,57,-0.561537
6,58,5.263643
6,59,-2.877064
6,60,0.631967
6,61,0.358872
6,62,0.070287
6,63,5.954999
6,64,5.370384
6,65,5.588036
6,66,0.444970
6,67,3.579762
6,68,-0.111072
6,69,0.461289
6,70,-1.874246
6,71,4.315037
6,72,7.782293
6,73,3.186596
6,74,-1.706586
6,75,-0.114639
6,76,5.579080
6,77,-0.155291
6,78,4.780099
6,79,4.372330
6,80,7.526663
6,81,-1.564209
6,82,8.075075
6,83,-0.458696
6,84,0.181977
6,85,8.631651
6,86,7.921181
6,87,7.263171
6,88,3.376206
6,89,-0.833145
6,90,-0.032140
6,91,2.668312
6,92,-0.645277
6,93,-0.962810
6,94,-0.262269
6,95,-3.460236
6,96,-0.871299
6,97,6.729553
6,98,-0.265778
6,99,6.940259
7,7,10.676487
7,8,6.952602
7,9,-0.374335
7,10,-1.287800
7,11,0.948420
7,12,-1.100917
7,13,-1.075186
7,14,-2.376434
7,15,0.146300
7,16,7.939300
7,17,-0.821119
7,18,6.005309
7,19,2.806240
7,20,-1.949909
7,21,2.455693
7,22,4.171647
7,23,2.493239
7,24,5.275805
7,25,-0.507448
7,26,-0.142864
7,27,4.886750
7,28,-0.525813
7,29,-0.015982
7,30,6.280400
7,31,-1.486815
7,32,3.497416
7,33,9.008516
7,34,7.020730
7,35,0.496958
7,36,1.648073
7,37,0.115043
7,38,4.908229
7,39,0.077478
7,40,4.440673
7,41,6.260470
7,42,-0.273692
7,43,-1.522327
7,44,-0.835299
7,45,1.459796
7,46,7.572062
7,47,-2.691631
7,48,2.192778
7,49,-2.994816
7,50,6.240844
7,51,5.716023
7,52,4.919660
7,53,5.500857
7,54,-0.203999
7,55,3.541387
7,56,2.231326
7,57,0.163655
7,58,4.774552
7,59,-1.075157
7,60,-0.834351
7,61,-1.864759
7,62,-1.112411
7,63,2.274206
7,64,6.909801
7,65,7.531545
7,66,-1.172319
7,67,9.109346
7,68,-0.336669
7,69,-2.378650
7,70,0.962473
7,71,4.009458
7,72,4.798557
7,73,3.055011
7,74,-0.147622
7,75,-1.010418
7,76,4.150731
7,77,-1.136199
7,78,6.333598
7,79,7.243472
7,80,6.915685
7,81,-1.491291
7,82,6.549558
7,83,-1.259069
7,84,1.038279
7,85,7.084011
7,86,4.534515
7,87,4.961561
7,88,4.533473
7,89,-0.417630
7,90,-0.866652
7,91,6.672206
7,92,-0.733242
7,93,-0.595475
7,94,-0.733989
7,95,-2.826651
7,96,0.972828
7,97,8.974076
7,98,0.403472
7,99,9.160206
8,8,-79.889270
8,9,6.844810
8,10,5.777499
8,11,6.742214
8,12,4.396476
8,13,4.423782
8,14,5.176054
8,15,5.863421
8,16,-8.545443
8,17,3.578461
8,18,-6.905881
8,19,-9.345597
8,20,5.429237
8,21,4.818250
8,22,-14.247154
8,23,-10.668050
8,24,-11.158491
8,25,5.668305
8,26,5.029978
8,27,-7.888650
8,28,7.479746
8,29,3.872187
8,30,-10.454642
8,31,6.155675
8,32,-12.847387
8,33,-12.091173
8,34,-7.073014
8,35,3.327201
8,36,-8.088890
8,37,6.666947
8,38,-9.664506
8,39,5.390508
8,40,-10.725932
8,41,-10.597204
8,42,4.472162
8,43,4.790170
8,44,2.867615
8,45,3.791614
8,46,-8.382200
8,47,6.454389
8,48,6.940873
8,49,6.127622
8,50,-12.187153
8,51,-12.311721
8,52,-5.595595
8,53,-6.271539
8,54,4.194479
8,55,-6.452634
8,56,-9.767843
8,57,4.391450
8,58,-11.253283
8,59,6.925715
8,60,6.280017
8,61,5.004710
8,62,8.152623
8,63,-10.190136
8,64,-7.949814
8,65,-10.369565
8,66,5.211897
8,67,-8.928703
8,68,8.207837
8,69,3.590976
8,70,3.363305
8,71,-7.623860
8,72,-5.133801
8,73,-12.211764
8,74,4.448094
8,75,6.563165
8,76,-5.718510
8,77,3.289772
8,78,-9.634562
8,79,-6.841528
8,80,-9.584947
8,81,5.843284
8,82,-14.131993
8,83,7.980656
8,84,7.528930
8,85,-8.553393
8,86,-8.562484
8,87,-9.359431
8,88,-6.022943
8,89,6.721311
8,90,5.234935
8,91,-8.728728
8,92,5.255162
8,93,8.238423
8,94,7.791861
8,95,7.659869
8,96,7.208173
8,97,-8.358014
8,98,4.261365
8,99,-8.541351
9,9,13.695640
9,10,-1.164646
9,11,-0.519814
9,12,-2.394629
9,13,0.143742
9,14,-0.248087
9,15,-1.185656
9,16,7.707637
9,17,-0.306385
9,18,7.404775
9,19,7.150747
9,20,-0.631355
9,21,-0.654476
9,22,3.853823
9,23,7.846950
9,24,6.690167
9,25,-2.544438
9,26,-1.652920
9,27,7.327761
9,28,-2.723780
9,29,-0.105711
9,30,6.156460
9,31,0.042808
9,32,6.013714
9,33,7.838407
9,34,4.051188
9,35,-0.051304
9,36,4.845014
9,37,1.520641
9,38,6.321898
9,39,-2.435989
9,40,1.525506
9,41,6.402794
9,42,0.242306
9,43,-2.253026
9,44,-1.104942
9,45,0.483246
9,46,6.544515
9,47,-0.962269
9,48,-2.281430
9,49,0.624151
9,50,3.717858
9,51,5.423495
9,52,2.820428
9,53,5.466905
9,54,-1.585299
9,55,4.976395
9,56,5.387478
9,57,-1.014493
9,58,5.576326
9,59,-0.234782
9,60,0.344694
9,61,0.294720
9,62,1.011276
9,63,4.071270
9,64,7.614788
9,65,3.244622
9,66,0.731208
9,67,5.975838
9,68,-1.719209
9,69,-0.635848
9,70,1.987331
9,71,5.393615
9,72,4.391573
9,73,5.614146
9,74,-2.683435
9,75,-1.141598
9,76,6.193325
9,77,-1.914852
9,78,8.004541
9,79,6.232076
9,80,4.133433
9,81,1.362431
9,82,8.372812
9,83,0.268562
9,84,1.641185
9,85,4.669676
9,86,5.970704
9,87,4.037845
9,88,4.397863
9,89,1.181270
9,90,-1.475248
9,91,5.276101
9,92,-0.120979
9,93,-2.459259
9,94,-1.847621
9,95,0.196987
9,96,-0.569991
9,97,6.325762
9,98,0.493494
9,99,5.080894
10,10,33.171466
10,11,-0.733513
10,12,0.078746
10,13,-0.990835
10,14,-0.709738
10,15,-0.237433
10,16,8.407612
10,17,-1.312495
10,18,2.336411
10,19,7.166507
10,20,-1.334620
10,21,-0.296962
10,22,6.706050
10,23,5.358395
10,24,6.461963
10,25,-0.294047
10,26,-0.704757
10,27,4.369326
10,28,1.629517
10,29,-1.575340
10,30,6.113533
10,31,-1.802009
10,32,2.992055
10,33,4.012784
10,34,5.048186
10,35,-3.507286
10,36,6.250845
10,37,0.191478
10,38,4.084863
10,39,1.864815
10,40,4.383621
10,41,7.694717
10,42,-1.119430
10,43,-1.241909
10,44,-1.991497
10,45,0.191961
10,46,6.112176
10,47,0.761366
10,48,0.258689
10,49,0.458754
10,50,5.336201
10,51,3.739123
10,52,3.407744
10,53,4.957736
10,54,-1.660810
10,55,4.238842
10,56,6.128322
10,57,-2.107889
10,58,5.455304
10,59,1.098026
10,60,2.232510
10,61,-0.657570
10,62,-1.061462
10,63,7.509083
10,64,5.040957
10,65,5.436554
10,66,-1.285676
10,67,4.165466
10,68,-1.311629
10,69,-2.632900
10,70,0.441012
10,71,8.017516
10,72,6.126363
10,73,3.949774
10,74,-0.978130
10,75,0.299812
10,76,7.474684
10,77,-2.354837
10,78,5.023399
10,79,6.178557
10,80,1.888684
10,81,-3.088650
10,82,6.884049
10,83,-0.607690
10,84,0.659859
10,85,5.070161
10,86,3.537110
10,87,5.426172
10,88,5.022097
10,89,-2.261880
10,90,-2.009641
10,91,2.905208
10,92,0.122533
10,93,-2.181271
10,94,1.122182
10,95,-0.284699
10,96,-1.311309
10,97,3.371665
10,98,-0.836278
10,99,4.301557
11,11,41.186350
11,12,-1.494920
11,13,-1.677629
11,14,-2.333780
11,15,-0.665677
11,16,3.094243
11,17,-1.078282
11,18,6.134146
11,19,5.431225
11,20,0.242427
11,21,-0.399300
11,22,5.127238
11,23,5.480206
11,24,4.687709
11,25,-0.063568
11,26,0.659669
11,27,3.954214
11,28,-2.502206
11,29,-0.026147
11,30,3.012549
11,31,-3.117245
11,32,6.455323
11,33,4.567873
11,34,3.004831
11,35,1.104976
11,36,4.451019
11,37,-0.876619
11,38,5.944702
11,39,-1.654094
11,40,4.713908
11,41,3.112393
11,42,-1.185310
11,43,-2.513770
11,44,-1.033705
11,45,-0.070930
11,46,3.168312
11,47,-0.929885
11,48,-1.525746
11,49,-2.090888
11,50,4.970398
11,51,3.154001
11,52,2.433337
11,53,4.769468
11,54,-0.510214
11,55,5.439902
11,56,5.511426
11,57,-0.492591
11,58,7.194583
11,59,0.160828
11,60,-0.371504
11,61,-1.796186
11,62,0.455897
11,63,6.238962
11,64,4.601745
11,65,2.956261
11,66,1.462675
11,67,2.877932
11,68,-0.751352
11,69,-0.158976
11,70,0.555683
11,71,6.016391
11,72,5.569835
11,73,5.173365
11,74,-1.223046
11,75,0.044488
11,76,5.191231
11,77,0.177916
11,78,6.290779
11,79,6.263644
11,80,4.404992
11,81,-0.531209
11,82,6.640394
11,83,1.226377
11,84,-0.899422
11,85,5.502065
11,86,6.204329
11,87,1.804434
11,88,8.770583
11,89,-1.969882
11,90,-2.536962
11,91,5.527611
11,92,-0.240101
11,93,0.163663
11,94,-2.330561
11,95,0.211932
11,96,0.280727
11,97,2.804360
11,98,-1.891877
11,99,7.314477
12,12,40.277452
12,13,0.622691
12,14,-1.304733
12,15,-1.802522
12,16,7.059087
12,17,0.607558
12,18,4.545748
12,19,4.418390
12,20,-1.479597
12,21,1.695603
12,22,4.569466
12,23,7.335638
12,24,4.356308
12,25,-0.855479
12,26,-0.048410
12,27,4.124933
12,28,-1.588639
12,29,-0.925333
12,30,6.317819
12,31,-0.847346
12,32,4.963706
12,33,5.792733
12,34,4.810994
12,35,-0.013906
12,36,6.131649
12,37,-0.160699
12,38,5.427182
12,39,-0.901412
12,40,4.307992
12,41,5.277085
12,42,2.447686
12,43,-3.682453
12,44,-1.397610
12,45,-0.106836
12,46,3.627185
12,47,0.636857
12,48,1.345656
12,49,-1.738183
12,50,4.279013
12,51,3.203514
12,52,2.584249
12,53,5.710332
12,54,-3.047761
12,55,5.452346
12,56,5.464070
12,57,-0.629745
12,58,7.151830
12,59,-1.519629
12,60,-0.578170
12,61,-2.075434
12,62,0.405554
12,63,4.901038
12,64,5.193480
12,65,7.850221
12,66,0.520105
12,67,3.409939
12,68,-1.037500
12,69,-0.538669
12,70,-3.101233
12,71,5.299416
12,72,3.389226
12,73,7.023144
12,74,-0.214410
12,75,-2.583358
12,76,1.330288
12,77,0.600382
12,78,4.402048
12,79,5.527331
12,80,6.686529
12,81,0.251339
12,82,5.673407
12,83,-2.767267
12,84,0.247434
12,85,3.648842
12,86,6.443858
12,87,3.326857
12,88,3.106877
12,89,0.961075
12,90,0.040191
12,91,4.294485
12,92,0.760037
12,93,-1.657094
12,94,-0.856033
12,95,-2.023201
12,96,-1.844904
12,97,2.143714
12,98,0.728280
12,99,5.392782
13,13,15.614513
13,14,-0.587822
13,15,1.464416
13,16,5.462134
13,17,-0.233403
13,18,3.424057
13,19,8.088532
13,20,0.414358
13,21,0.677488
13,22,6.901470
13,23,6.473191
13,24,4.413275
13,25,-1.339242
13,26,-0.548802
13,27,4.606466
13,28,-1.986248
13,29,-3.242622
13,30,6.238454
13,31,-0.019666
13,32,6.337807
13,33,6.674464
13,34,4.142100
13,35,0.003704
13,36,3.269081
13,37,-0.909976
13,38,7.174593
13,39,0.331206
13,40,6.216340
13,41,6.348897
13,42,-1.222152
13,43,-0.226517
13,44,0.423832
13,45,0.366474
13,46,2.942532
13,47,-0.306963
13,48,-2.225765
13,49,-1.387629
13,50,7.066417
13,51,7.333064
13,52,3.494595
13,53,6.669055
13,54,0.332869
13,55,7.555992
13,56,4.503829
13,57,-2.625329
13,58,4.037591
13,59,0.814642
13,60,-0.235196
13,61,0.019059
13,62,-1.942306
13,63,6.037454
13,64,5.577378
13,65,5.776114
13,66,0.737883
13,67,6.688519
13,68,0.490047
13,69,0.454440
13,70,1.137427
13,71,5.941781
13,72,4.830147
13,73,4.639424
13,74,-0.345986
13,75,-0.201442
13,76,3.858242
13,77,0.438330
13,78,5.482969
13,79,4.933127
13,80,6.268594
13,81,-0.191157
13,82,2.561118
13,83,-0.517499
13,84,-2.522847
13,85,5.476205
13,86,5.425207
13,87,7.208551
13,88,2.888654
13,89,-1.640128
13,90,0.889826
13,91,8.885349
13,92,2.710378
13,93,0.024955
13,94,0.845523
13,95,-3.027559
13,96,-0.511586
13,97,5.131068
13,98,-0.196277
13,99,5.780864
14,14,29.518350
14,15,-0.217980
14,16,8.629480
14,17,-0.845297
14,18,4.235248
14,19,5.761013
14,20,-0.861403
14,21,1.051898
14,22,6.891152
14,23,5.090589
14,24,5.128475
14,25,0.975768
14,26,0.860185
14,27,4.819856
14,28,0.107797
14,29,-2.913221
14,30,7.315232
14,31,-0.861195
14,32,7.121373
14,33,4.859705
14,34,5.530615
14,35,1.030515
14,36,3.728740
14,37,-0.073933
14,38,5.865510
14,39,-0.786854
14,40,3.874069
14,41,5.314207
14,42,-0.488179
14,43,-1.666555
14,44,1.282438
14,45,-0.863058
14,46,8.412983
14,47,-0.096400
14,48,-1.229797
14,49,-0.206610
14,50,5.778732
14,51,4.565056
14,52,2.881577
14,53,3.639818
14,54,-0.244095
14,55,7.584922
14,56,8.051435
14,57,-0.459663
14,58,5.905004
14,59,-1.339113
14,60,-2.002081
14,61,-1.572049
14,62,-1.336644
14,63,5.773307
14,64,2.451854
14,65,5.246681
14,66,-0.522471
14,67,5.129269
14,68,0.702255
14,69,-1.641346
14,70,-1.008213
14,71,3.533320
14,72,4.284857
14,73,6.239562
14,74,-3.075596
14,75,-2.595761
14,76,6.172813
14,77,-2.049710
14,78,5.990202
14,79,4.284972
14,80,5.646124
14,81,-2.230773
14,82,5.326752
14,83,0.262146
14,84,-3.236627
14,85,7.437431
14,86,5.802868
14,87,3.854735
14,88,3.765842
14,89,0.265201
14,90,-1.698715
14,91,5.892906
14,92,-1.507478
14,93,0.496045
14,94,0.720591
14,95,-0.223612
14,96,-1.334242
14,97,4.713088
14,98,-1.225167
14,99,5.577554
15,15,15.776793
15,16,5.651711
15,17,-0.922455
15,18,2.621828
15,19,4.896324
15,20,-0.153435
15,21,-0.069360
15,22,6.476683
15,23,6.149811
15,24,4.529345
15,25,0.040626
15,26,0.008342
15,27,5.860611
15,28,-2.236603
15,29,-2.112650
15,30,3.323656
15,31,-1.584507
15,32,3.936401
15,33,5.788184
15,34,5.326328
15,35,-1.030968
15,36,4.292284
15,37,0.243318
15,38,7.922474
15,39,0.414341
15,40,6.676782
15,41,8.102012
15,42,0.102104
15,43,-2.103777
15,44,1.296363
15,45,-1.937454
15,46,5.375356
15,47,1.238547
15,48,-1.518051
15,49,-3.104265
15,50,5.377228
15,51,8.048960
15,52,3.714298
15,53,8.095589
15,54,-1.113064
15,55,7.164523
15,56,6.509295
15,57,-0.223492
15,58,6.394304
15,59,-2.055626
15,60,-1.970878
15,61,-1.807855
15,62,-1.171512
15,63,2.697161
15,64,8.909305
15,65,4.057271
15,66,-1.678469
15,67,5.746598
15,68,-2.014669
15,69,-0.582136
15,70,-1.250876
15,71,5.279700
15,72,2.206157
15,73,5.261883
15,74,-1.419097
15,75,0.867463
15,76,4.634434
15,77,-0.648192
15,78,2.409567
15,79,5.123510
15,80,3.404701
15,81,-0.500130
15,82,4.795881
15,83,1.237756
15,84,0.073642
15,85,5.528440
15,86,3.170929
15,87,5.462299
15,88,4.824791
15,89,0.825809
15,90,-0.178971
15,91,5.910707
15,92,1.449532
15,93,-0.505491
15,94,0.128115
15,95,-2.990073
15,96,-0.180171
15,97,5.554718
15,98,-3.840146
15,99,6.903347
16,16,-84.459457
16,17,5.612858
16,18,-8.132802
16,19,-14.880535
16,20,4.080403
16,21,4.621712
16,22,-11.551434
16,23,-5.808943
16,24,-7.885076
16,25,5.315673
16,26,6.939900
16,27,-4.637586
16,28,6.470992
16,29,3.729954
16,30,-12.641876
16,31,5.752804
16,32,-12.325849
16,33,-8.334193
16,34,-6.539781
16,35,6.999218
16,36,-7.148072
16,37,5.237075
16,38,-9.119415
16,39,4.450569
16,40,-11.454497
16,41,-10.438511
16,42,1.913012
16,43,3.217445
16,44,4.247123
16,45,4.406958
16,46,-6.850356
16,47,5.802646
16,48,4.659435
16,49,3.021078
16,50,-10.896079
16,51,-9.820991
16,52,-8.354497
16,53,-11.718007
16,54,7.096040
16,55,-9.319549
16,56,-6.298530
16,57,3.461148
16,58,-6.230140
16,59,4.521104
16,60,4.592976
16,61,7.557962
16,62,5.957779
16,63,-9.199217
16,64,-7.276085
16,65,-8.093939
16,66,4.521895
16,67,-8.651140
16,68,3.931504
16,69,5.287327
16,70,6.053630
16,71,-8.771654
16,72,-9.271709
16,73,-5.645518
16,74,4.733931
16,75,2.370694
16,76,-12.858602
16,77,5.227068
16,78,-12.275859
16,79,-11.930601
16,80,-7.202423
16,81,7.887713
16,82,-11.950092
16,83,6.362798
16,84,4.577403
16,85,-13.537480
16,86,-5.136213
16,87,-9.871735
16,88,-5.848954
16,89,5.628692
16,90,7.146175
16,91,-6.534013
16,92,4.705547
16,93,4.330202
16,94,5.334079
16,95,2.858855
16,96,7.126358
16,97,-12.193733
16,98,5.935369
16,99,-6.775025
17,17,32.140371
17,18,1.677763
17,19,2.943609
17,20,-2.248282
17,21,-1.635462
17,22,6.838564
17,23,4.246455
17,24,4.101396
17,25,-1.262171
17,26,-0.281379
17,27,4.347199
17,28,-0.769773
17,29,0.475076
17,30,6.771418
17,31,-0.150513
17,32,4.882395
17,33,2.967705
17,34,5.168122
17,35,-3.183559
17,36,4.726216
17,37,0.278639
17,38,5.476462
17,39,-1.962372
17,40,5.461662
17,41,6.098223
17,42,0.171081
17,43,-0.906285
17,44,0.207724
17,45,-1.952415
17,46,6.439220
17,47,0.203167
17,48,-0.718379
17,49,-1.010013
17,50,7.492880
17,51,8.597856
17,52,3.734704
17,53,6.285932
17,54,0.471173
17,55,6.029518
17,56,7.659447
17,57,-0.490876
17,58,6.659064
17,59,0.426368
17,60,-1.139299
17,61,-2.743247
17,62,-1.962670
17,63,5.597022
17,64,7.359613
17,65,3.999002
17,66,-2.947004
17,67,4.829161
17,68,0.351078
17,69,-0.202323
17,70,-0.766619
17,71,4.778720
17,72,3.174369
17,73,3.545813
17,74,0.126041
17,75,1.227180
17,76,8.370249
17,77,-0.501297
17,78,4.578047
17,79,4.939585
17,80,6.475198
17,81,-2.020237
17,82,6.593408
17,83,-2.188898
17,84,1.096533
17,85,6.769659
17,86,6.173953
17,87,6.993934
17,88,3.161884
17,89,-1.295150
17,90,-0.647050
17,91,6.108388
17,92,-3.367307
17,93,-3.085646
17,94,-0.022707
17,95,-0.153482
17,96,-0.879940
17,97,4.745073
17,98,-1.892283
17,99,3.957253
18,18,-28.445781
18,19,-9.637565
18,20,3.725248
18,21,3.708172
18,22,-14.548505
18,23,-13.779305
18,24,-6.689655
18,25,4.494615
18,26,5.614845
18,27,-10.703525
18,28,2.340570
18,29,4.370077
18,30,-8.949908
18,31,4.787328
18,32,-10.834010
18,33,-13.722866
18,34,-12.191870
18,35,5.584242
18,36,-6.930519
18,37,6.391394
18,38,-10.934780
18,39,4.219781
18,40,-15.211070
18,41,-5.154601
18,42,2.578169
18,43,5.303482
18,44,6.688810
18,45,2.902774
18,46,-10.657944
18,47,7.893271
18,48,5.568611
18,49,7.749305
18,50,-8.659775
18,51,-12.668586
18,52,-11.770905
18,53,-7.805337
18,54,2.565053
18,55,-8.429092
18,56,-12.624847
18,57,4.549424
18,58,-9.797911
18,59,4.812724
18,60,3.461143
18,61,7.066530
18,62,6.299097
18,63,-10.487848
18,64,-11.470209
18,65,-8.370511
18,66,7.007649
18,67,-9.387742
18,68,4.602968
18,69,2.880223
18,70,5.176645
18,71,-14.334534
18,72,-13.105197
18,73,-9.946584
18,74,4.832734
18,75,3.376673
18,76,-10.300122
18,77,4.663902
18,78,-11.161769
18,79,-8.140687
18,80,-11.777877
18,81,6.659240
18,82,-8.516510
18,83,4.963463
18,84,4.963331
18,85,-14.431279
18,86,-10.100241
18,87,-10.691614
18,88,-8.431960
18,89,3.189809
18,90,4.812343
18,91,-9.100720
18,92,3.378246
18,93,5.480112
18,94,2.541311
18,95,7.342758
18,96,5.765248
18,97,-9.478994
18,98,5.959210
18,99,-11.602881
19,19,-43.836771
19,20,3.858880
19,21,5.303257
19,22,-12.586334
19,23,-13.620486
19,24,-6.636418
19,25,4.523669
19,26,5.484073
19,27,-4.613419
19,28,7.168505
19,29,6.608353
19,30,-6.159258
19,31,5.058922
19,32,-13.800425
19,33,-10.177520
19,34,-10.715274
19,35,5.687113
19,36,-12.775577
19,37,4.432221
19,38,-13.064187
19,39,5.081150
19,40,-8.785561
19,41,-12.643300
19,42,6.113692
19,43,4.689084
19,44,5.092087
19,45,4.275061
19,46,-8.430549
19,47,3.202783
19,48,7.541673
19,49,5.203251
19,50,-6.848274
19,51,-10.997788
19,52,-10.608868
19,53,-9.270298
19,54,3.836335
19,55,-7.525699
19,56,-15.006747
19,57,5.907980
19,58,-11.018342
19,59,6.611403
19,60,2.387379
19,61,9.172462
19,62,2.006544
19,63,-10.731591
19,64,-9.638152
19,65,-11.773474
19,66,3.813183
19,67,-6.783030
19,68,6.035361
19,69,3.981879
19,70,4.944580
19,71,-10.486227
19,72,-10.838673
19,73,-10.110136
19,74,6.819978
19,75,6.011326
19,76,-7.697724
19,77,8.068465
19,78,-10.946738
19,79,-5.893473
19,80,-10.909244
19,81,7.458490
19,82,-10.141442
19,83,7.113999
19,84,3.505146
19,85,-8.155566
19,86,-9.087595
19,87,-11.709751
19,88,-7.842531
19,89,3.531858
19,90,5.043519
19,91,-12.004053
19,92,4.791504
19,93,6.923856
19,94,5.478956
19,95,4.386133
19,96,6.280146
19,97,-12.113049
19,98,6.939254
19,99,-7.874916
20,20,31.061084
20,21,-1.535022
20,22,4.436696
20,23,5.468240
20,24,5.240748
20,25,-1.256770
20,26,-0.060879
20,27,5.235875
20,28,-1.018444
20,29,-0.903835
20,30,3.983527
20,31,-2.894639
20,32,3.479860
20,33,1.948846
20,34,5.994862
20,35,0.765208
20,36,4.974651
20,37,-1.163550
20,38,5.055199
20,39,-1.744024
20,40,4.310923
20,41,5.035061
20,42,-0.984972
20,43,0.502012
20,44,-1.386505
20,45,0.161714
20,46,5.581943
20,47,-0.320737
20,48,-1.052474
20,49,-1.424994
20,50,6.131466
20,51,6.650198
20,52,6.279702
20,53,4.759975
20,54,-0.436010
20,55,3.861746
20,56,5.721421
20,57,0.023626
20,58,7.261140
20,59,1.009002
20,60,-0.012754
20,61,-0.860996
20,62,-1.269625
20,63,8.313996
20,64,2.656288
20,65,3.546028
20,66,-2.907552
20,67,6.097891
20,68,-1.549458
20,69,-3.787781
20,70,-2.316476
20,71,6.139869
20,72,7.842698
20,73,6.548089
20,74,-1.075114
20,75,-2.696048
20,76,6.565081
20,77,1.513640
20,78,7.125645
20,79,4.293664
20,80,5.379280
20,81,-1.213694
20,82,5.689240
20,83,-1.067120
20,84,1.653402
20,85,4.046383
20,86,3.526675
20,87,5.716984
20,88,5.883270
20,89,-1.331226
20,90,-0.923284
20,91,7.187510
20,92,-2.164579
20,93,-0.057410
20,94,-2.442475
20,95,-1.859937
20,96,-1.203568
20,97,6.368239
20,98,-0.912890
20,99,3.244586
21,21,30.314261
21,22,6.186977
21,23,7.308073
21,24,4.236207
21,25,-1.130327
21,26,-2.461451
21,27,6.745886
21,28,-0.939931
21,29,1.075881
21,30,7.946309
21,31,-0.064996
21,32,3.806381
21,33,7.061329
21,34,2.099158
21,35,-1.471290
21,36,5.565346
21,37,-0.934945
21,38,4.381474
21,39,1.707791
21,40,4.240569
21,41,6.527259
21,42,-1.815667
21,43,0.554158
21,44,-0.320828
21,45,-2.026738
21,46,5.495730
21,47,-2.618108
21,48,-2.105584
21,49,-0.555400
21,50,2.817590
21,51,4.360394
21,52,5.896474
21,53,6.861753
21,54,-1.069768
21,55,6.715751
21,56,5.588105
21,57,2.425712
21,58,4.934463
21,59,-2.271780
21,60,-2.314685
21,61,-0.717794
21,62,-2.725406
21,63,5.745948
21,64,6.520647
21,65,5.064100
21,66,2.084790
21,67,6.447488
21,68,-2.059462
21,69,0.782509
21,70,-1.795411
21,71,4.344954
21,72,5.579854
21,73,3.405336
21,74,-0.246893
21,75,-2.062426
21,76,4.963375
21,77,1.642763
21,78,3.463321
21,79,7.376613
21,80,5.707609
21,81,-1.911522
21,82,6.407794
21,83,-2.734099
21,84,-0.326142
21,85,6.297618
21,86,3.005278
21,87,5.664447
21,88,5.060561
21,89,-2.649326
21,90,-1.906989
21,91,5.810932
21,92,-1.746227
21,93,1.623753
21,94,-1.536609
21,95,1.024249
21,96,1.413515
21,97,5.669668
21,98,0.280244
21,99,8.912909
22,22,-57.674602
22,23,-10.344480
22,24,-13.158326
22,25,5.047357
22,26,7.196674
22,27,-9.045197
22,28,4.271154
22,29,5.095186
22,30,-15.212949
22,31,5.347401
22,32,-9.945006
22,33,-7.651940
22,34,-10.564950
22,35,6.228092
22,36,-5.189834
22,37,6.194464
22,38,-11.296562
22,39,6.012534
22,40,-12.825737
22,41,-12.344875
22,42,3.561928
22,43,6.519931
22,44,5.018546
22,45,4.828499
22,46,-11.470462
22,47,5.000627
22,48,6.614534
22,49,4.978833
22,50,-13.030896
22,51,-6.078993
22,52,-12.347690
22,53,-9.958086
22,54,4.787020
22,55,-8.685888
22,56,-7.034435
22,57,2.047098
22,58,-13.187160
22,59,4.415051
22,60,8.205816
22,61,5.275518
22,62,4.513187
22,63,-7.668692
22,64,-13.526963
22,65,-10.567750
22,66,4.676735
22,67,-7.402499
22,68,5.132212
22,69,6.405430
22,70,7.309491
22,71,-6.465084
22,72,-12.532063
22,73,-11.333292
22,74,3.690073
22,75,2.626860
22,76,-7.988556
22,77,8.343920
22,78,-6.335410
22,79,-4.758105
22,80,-8.242529
22,81,6.892728
22,82,-12.966651
22,83,7.001243
22,84,3.637429
22,85,-13.609808
22,86,-15.108920
22,87,-8.581571
22,88,-7.148302
22,89,6.848194
22,90,4.732289
22,91,-11.136516
22,92,7.029699
22,93,5.331982
22,94,3.554074
22,95,7.370610
22,96,8.719975
22,97,-12.599640
22,98,7.421703
22,99,-12.077832
23,23,-26.965196
23,24,-9.995967
23,25,6.702288
23,26,7.952328
23,27,-12.734100
23,28,6.197373
23,29,2.816367
23,30,-13.465936
23,31,6.711614
23,32,-12.969844
23,33,-9.569268
23,34,-14.677303
23,35,6.662383
23,36,-11.577949
23,37,6.864875
23,38,-13.538722
23,39,3.708679
23,40,-11.782790
23,41,-11.827621
23,42,4.681234
23,43,6.311055
23,44,3.788188
23,45,7.760341
23,46,-9.420394
23,47,4.371801
23,48,5.354551
23,49,4.980030
23,50,-6.947009
23,51,-9.386702
23,52,-10.077752
23,53,-12.480716
23,54,5.987824
23,55,-12.661912
23,56,-5.776673
23,57,4.259277
23,58,-7.994260
23,59,2.199191
23,60,3.744009
23,61,5.179602
23,62,4.841290
23,63,-10.791507
23,64,-7.229178
23,65,-7.909848
23,66,4.801024
23,67,-7.897666
23,68,5.737031
23,69,6.150638
23,70,2.956277
23,71,-11.397257
23,72,-12.921139
23,73,-7.515397
23,74,7.486550
23,75,4.364215
23,76,-7.720032
23,77,4.714939
23,78,-12.394715
23,79,-10.831696
23,80,-15.082858
23,81,5.368354
23,82,-5.392219
23,83,6.322144
23,84,6.848764
23,85,-11.588911
23,86,-15.286187
23,87,-13.352095
23,88,-12.285238
23,89,6.500697
23,90,5.614834
23,91,-12.083638
23,92,3.027651
23,93,4.866933
23,94,7.648092
23,95,3.539417
23,96,5.225095
23,97,-11.945983
23,98,4.937306
23,99,-7.863607
24,24,-43.142462
24,25,7.059698
24,26,6.206807
24,27,-8.610570
24,28,3.799261
24,29,2.150856
24,30,-6.414718
24,31,3.042760
24,32,-11.750307
24,33,-8.749096
24,34,-10.295715
24,35,7.455868
24,36,-14.596028
24,37,2.974243
24,38,-10.023337
24,39,4.573457
24,40,-11.902042
24,41,-9.259248
24,42,4.979264
24,43,4.782168
24,44,7.661933
24,45,5.203654
24,46,-11.151610
24,47,4.310350
24,48,5.879942
24,49,4.454123
24,50,-9.053480
24,51,-5.463006
24,52,-12.859286
24,53,-12.501777
24,54,4.894167
24,55,-10.953639
24,56,-10.073320
24,57,2.880241
24,58,-13.751721
24,59,5.142096
24,60,6.617698
24,61,2.193663
24,62,7.323905
24,63,-14.406605
24,64,-9.436694
24,65,-6.291801
24,66,5.361652
24,67,-12.018330
24,68,6.942635
24,69,7.533301
24,70,3.935454
24,71,-13.625368
24,72,-8.555392
24,73,-7.923051
24,74,4.052434
24,75,8.504610
24,76,-12.650015
24,77,4.099739
24,78,-11.217205
24,79,-6.068427
24,80,-10.459179
24,81,8.780283
24,82,-8.552249
24,83,5.686514
24,84,6.409256
24,85,-8.835769
24,86,-11.172277
24,87,-10.921254
24,88,-12.281229
24,89,4.300709
24,90,3.637772
24,91,-6.821303
24,92,5.975044
24,93,6.624817
24,94,3.985436
24,95,4.018862
24,96,7.324798
24,97,-10.082214
24,98,3.885740
24,99,-9.433031
25,25,19.388036
25,26,0.793833
25,27,7.715841
25,28,0.788169
25,29,-3.393069
25,30,6.128723
25,31,1.228859
25,32,5.651641
25,33,4.224319
25,34,3.421706
25,35,-0.427422
25,36,5.379808
25,37,-0.902149
25,38,5.601813
25,39,-2.505885
25,40,7.589001
25,41,4.379340
25,42,-0.463163
25,43,-0.420081
25,44,-0.844882
25,45,-0.423415
25,46,6.954562
25,47,-0.342997
25,48,0.114151
25,49,1.588255
25,50,8.628302
25,51,3.672416
25,52,2.104420
25,53,7.997238
25,54,-0.880182
25,55,3.832360
25,56,6.505192
25,57,0.730891
25,58,6.475990
25,59,-2.822994
25,60,-1.633046
25,61,-0.851181
25,62,-0.888892
25,63,4.836792
25,64,3.802012
25,65,6.061680
25,66,0.316863
25,67,3.503557
25,68,-1.168033
25,69,0.821661
25,70,-2.623350
25,71,7.351223
25,72,5.403753
25,73,4.879530
25,74,-0.091353
25,75,1.087457
25,76,7.582514
25,77,-2.269377
25,78,3.075474
25,79,6.800836
25,80,3.131624
25,81,-2.386574
25,82,6.191451
25,83,-2.400517
25,84,-1.217846
25,85,3.539850
25,86,5.556307
25,87,5.567447
25,88,3.373623
25,89,-0.848008
25,90,-2.940424
25,91,7.761999
25,92,-3.472634
25,93,-2.710607
25,94,1.001731
25,95,-0.433521
25,96,0.806741
25,97,2.759471
25,98,0.075833
25,99,5.639164
26,26,23.573672
26,27,7.086068
26,28,1.646235
26,29,-1.788383
26,30,4.514156
26,31,-0.359861
26,32,4.856408
26,33,6.543928
26,34,5.288277
26,35,0.504167
26,36,7.630328
26,37,-0.351841
26,38,4.836581
26,39,-0.894274
26,40,6.847812
26,41,3.726791
26,42,-1.749314
26,43,0.229532
26,44,0.895105
26,45,0.088107
26,46,5.541589
26,47,-1.358728
26,48,-0.288633
26,49,-3.399738
26,50,2.638462
26,51,5.711597
26,52,4.761761
26,53,4.221261
26,54,-1.366150
26,55,5.510930
26,56,8.010968
26,57,0.176786
26,58,6.277655
26,59,-2.292977
26,60,-0.136762
26,61,-1.269615
26,62,-0.296549
26,63,6.888205
26,64,2.943920
26,65,5.842743
26,66,-0.704035
26,67,6.322577
26,68,-3.455937
26,69,0.710025
26,70,0.336254
26,71,3.304577
26,72,3.170271
26,73,6.238853
26,74,-2.680795
26,75,-0.524779
26,76,3.933790
26,77,-0.598545
26,78,6.650017
26,79,6.952057
26,80,5.366933
26,81,-0.969779
26,82,3.684500
26,83,-0.693755
26,84,-1.187810
26,85,1.312280
26,86,6.605744
26,87,3.979300
26,88,8.322796
26,89,-0.742439
26,90,-3.050171
26,91,2.260546
26,92,0.067389
26,93,-2.802135
26,94,-1.133625
26,95,-1.140226
26,96,1.185262
26,97,4.979737
26,98,0.586046
26,99,7.874141
27,27,-57.896801
27,28,5.399544
27,29,3.126380
27,30,-11.521836
27,31,7.939438
27,32,-7.955632
27,33,-8.662081
27,34,-6.086327
27,35,5.736729
27,36,-9.801076
27,37,4.578143
27,38,-9.085104
27,39,6.144846
27,40,-12.328014
27,41,-7.739902
27,42,6.578301
27,43,5.764002
27,44,5.584180
27,45,5.439797
27,46,-9.723688
27,47,6.336849
27,48,7.408203
27,49,4.494242
27,50,-5.597522
27,51,-7.260046
27,52,-10.826008
27,53,-9.897995
27,54,1.481066
27,55,-10.268884
27,56,-8.246368
27,57,7.161752
27,58,-8.006214
27,59,4.453999
27,60,4.051045
27,61,5.384172
27,62,6.612663
27,63,-11.181625
27,64,-9.586038
27,65,-9.716963
27,66,5.358434
27,67,-15.330253
27,68,6.357714
27,69,4.347491
27,70,5.503023
27,71,-8.768771
27,72,-10.534809
27,73,-10.759463
27,74,5.754099
27,75,5.135387
27,76,-9.503964
27,77,4.085224
27,78,-6.920778
27,79,-12.563334
27,80,-14.478104
27,81,3.099413
27,82,-8.776122
27,83,5.554258
27,84,3.237621
27,85,-4.127672
27,86,-6.979975
27,87,-12.324163
27,88,-8.248589
27,89,8.148960
27,90,4.938986
27,91,-11.523612
27,92,7.759111
27,93,4.415119
27,94,7.095473
27,95,4.206280
27,96,7.097492
27,97,-9.916617
27,98,3.280259
27,99,-14.778115
28,28,26.852025
28,29,0.115429
28,30,5.366767
28,31,-2.151709
28,32,6.131317
28,33,5.226069
28,34,7.863395
28,35,-0.525275
28,36,6.005340
28,37,0.959196
28,38,5.261091
28,39,-0.618527
28,40,4.324458
28,41,2.431851
28,42,0.612335
28,43,-1.853049
28,44,-0.072124
28,45,-1.771478
28,46,5.470192
28,47,0.746674
28,48,0.696948
28,49,-0.477263
28,50,6.030605
28,51,6.143623
28,52,4.919062
28,53,3.053813
28,54,0.424770
28,55,6.992999
28,56,4.595958
28,57,-1.995310
28,58,4.147762
28,59,-3.002586
28,60,-0.484647
28,61,-2.412929
28,62,-0.740867
28,63,5.167501
28,64,4.250642
28,65,4.753244
28,66,-1.178256
28,67,7.491400
28,68,-1.877236
28,69,0.441012
28,70,0.320478
28,71,4.630853
28,72,3.702989
28,73,3.416937
28,74,-1.381068
28,75,-2.545616
28,76,3.026141
28,77,0.276462
28,78,2.801498
28,79,5.250101
28,80,6.448171
28,81,-0.836531
28,82,5.734669
28,83,1.895145
28,84,-2.244232
28,85,3.480538
28,86,6.363097
28,87,8.160663
28,88,6.149652
28,89,0.991691
28,90,-0.315529
28,91,3.836019
28,92,-1.063795
28,93,-0.789669
28,94,-0.430980
28,95,0.578633
28,96,-0.081460
28,97,5.022185
28,98,-1.124936
28,99,4.728689
29,29,40.678576
29,30,3.357352
29,31,-1.086913
29,32,3.511205
29,33,5.442566
29,34,4.461730
29,35,-0.132132
29,36,6.507242
29,37,-2.258665
29,38,4.634477
29,39,0.699028
29,40,4.368478
29,41,7.025728
29,42,0.751859
29,43,0.083651
29,44,-0.857018
29,45,-1.512425
29,46,6.708974
29,47,-0.202126
29,48,-2.758776
29,49,-1.191768
29,50,5.938834
29,51,2.776152
29,52,7.091736
29,53,8.046180
29,54,-3.162079
29,55,4.489818
29,56,5.108728
29,57,0.077296
29,58,4.388660
29,59,0.889867
29,60,-0.504069
29,61,-2.574242
29,62,-2.081460
29,63,2.051250
29,64,5.521334
29,65,7.378646
29,66,-1.464897
29,67,2.846246
29,68,0.286940
29,69,-0.241683
29,70,0.722297
29,71,4.567539
29,72,6.674932
29,73,3.843794
29,74,-3.090790
29,75,-0.331516
29,76,7.428844
29,77,-0.454663
29,78,6.165915
29,79,7.152569
29,80,5.309166
29,81,-0.559456
29,82,3.118868
29,83,-0.181317
29,84,-0.455913
29,85,1.965528
29,86,4.412160
29,87,2.473934
29,88,2.198296
29,89,1.043996
29,90,-1.667944
29,91,5.480712
29,92,-0.511399
29,93,0.293834
29,94,0.970590
29,95,-2.913318
29,96,-1.249447
29,97,4.705377
29,98,0.709342
29,99,5.216359
30,30,-30.266427
30,31,4.705773
30,32,-7.891702
30,33,-3.938897
30,34,-11.018449
30,35,5.734149
30,36,-10.877800
30,37,3.069412
30,38,-11.291504
30,39,6.251835
30,40,-7.522741
30,41,-10.722020
30,42,5.994710
30,43,4.647162
30,44,3.675937
30,45,5.467691
30,46,-13.769845
30,47,3.385415
30,48,5.339490
30,49,6.351763
30,50,-14.203540
30,51,-11.808911
30,52,-12.144139
30,53,-7.715649
30,54,5.169004
30,55,-8.091687
30,56,-14.585868
30,57,6.318066
30,58,-9.924776
30,59,7.264366
30,60,5.090145
30,61,4.811581
30,62,4.093154
30,63,-11.144275
30,64,-7.221119
30,65,-11.165134
30,66,8.234658
30,67,-10.991792
30,68,4.209436
30,69,8.659853
30,70,3.528067
30,71,-10.714089
30,72,-11.322251
30,73,-15.619367
30,74,2.704074
30,75,6.638937
30,76,-11.478090
30,77,3.545929
30,78,-10.365355
30,79,-7.265653
30,80,-12.642479
30,81,6.172877
30,82,-10.881422
30,83,4.620480
30,84,5.092321
30,85,-10.258987
30,86,-9.053566
30,87,-9.199269
30,88,-9.244101
30,89,3.904349
30,90,8.132380
30,91,-6.665182
30,92,5.577274
30,93,4.601821
30,94,5.560630
30,95,6.311182
30,96,6.716006
30,97,-10.493823
30,98,3.733793
30,99,-13.116518
31,31,26.132822
31,32,7.486693
31,33,4.696638
31,34,5.324374
31,35,0.706941
31,36,5.054564
31,37,0.854147
31,38,1.223873
31,39,-0.638852
31,40,6.190489
31,41,4.946472
31,42,-0.815993
31,43,-2.656884
31,44,0.564943
31,45,-0.919725
31,46,5.603366
31,47,-0.635020
31,48,-0.618610
31,49,-2.424513
31,50,5.133248
31,51,5.941736
31,52,4.761014
31,53,5.669127
31,54,-0.801789
31,55,3.603355
31,56,7.060190
31,57,-1.151627
31,58,4.146902
31,59,-1.649025
31,60,0.041572
31,61,-3.784083
31,62,-0.002157
31,63,6.810541
31,64,2.561510
31,65,4.968992
31,66,-0.843523
31,67,6.408510
31,68,-0.206748
31,69,-1.292996
31,70,-0.088803
31,71,7.580818
31,72,2.391852
31,73,6.594810
31,74,-1.885878
31,75,0.481403
31,76,4.262119
31,77,-2.246147
31,78,5.601392
31,79,5.140072
31,80,6.204638
31,81,0.005101
31,82,5.102042
31,83,0.952092
31,84,-1.655962
31,85,8.542184
31,86,6.081313
31,87,6.328995
31,88,4.320683
31,89,-0.398711
31,90,-1.560742
31,91,6.592679
31,92,-1.187641
31,93,0.197603
31,94,1.395922
31,95,0.994248
31,96,-2.267638
31,97,3.171334
31,98,-0.723266
31,99,2.314879
32,32,-57.458428
32,33,-13.176785
32,34,-9.740780
32,35,7.391542
32,36,-11.227067
32,37,7.310120
32,38,-9.086726
32,39,3.541980
32,40,-15.079672
32,41,-12.536816
32,42,4.218933
32,43,8.000815
32,44,6.917711
32,45,3.044975
32,46,-4.986206
32,47,5.249005
32,48,4.603785
32,49,5.485311
32,50,-6.974859
32,51,-10.055689
32,52,-8.878553
32,53,-10.196837
32,54,4.122747
32,55,-10.600719
32,56,-9.585561
32,57,6.011254
32,58,-8.872328
32,59,7.519559
32,60,3.803131
32,61,8.274319
32,62,4.875259
32,63,-8.986965
32,64,-7.977623
32,65,-9.004420
32,66,3.059785
32,67,-8.305460
32,68,6.939237
32,69,3.457792
32,70,3.682984
32,71,-13.229366
32,72,-14.526354
32,73,-13.550237
32,74,5.322083
32,75,6.546993
32,76,-9.509930
32,77,4.187003
32,78,-5.524036
32,79,-6.602753
32,80,-8.418275
32,81,5.537530
32,82,-12.888553
32,83,5.370124
32,84,6.731497
32,85,-6.943858
32,86,-8.367880
32,87,-7.718213
32,88,-13.776490
32,89,3.566119
32,90,4.160647
32,91,-9.362979
32,92,6.332523
32,93,6.679590
32,94,4.563840
32,95,5.738514
32,96,8.308046
32,97,-11.909221
32,98,5.326548
32,99,-10.832091
33,33,-57.300967
33,34,-10.285721
33,35,4.143023
33,36,-10.470039
33,37,5.208881
33,38,-8.853955
33,39,4.049874
33,40,-6.339139
33,41,-6.171583
33,42,3.824177
33,43,5.272458
33,44,7.721686
33,45,6.103923
33,46,-10.995972
33,47,8.738017
33,48,6.310929
33,49,8.161448
33,50,-6.625458
33,51,-9.381494
33,52,-11.551638
33,53,-10.581454
33,54,4.476068
33,55,-7.722757
33,56,-6.552272
33,57,6.690919
33,58,-6.460105
33,59,6.944908
33,60,2.418639
33,61,4.728843
33,62,4.388332
33,63,-15.855559
33,64,-7.194451
33,65,-7.904584
33,66,2.108760
33,67,-10.252344
33,68,4.712899
33,69,4.847431
33,70,3.486663
33,71,-13.753677
33,72,-11.199733
33,73,-7.174074
33,74,6.065176
33,75,4.193220
33,76,-11.587922
33,77,3.890724
33,78,-12.399265
33,79,-9.331769
33,80,-14.435837
33,81,4.809682
33,82,-7.238668
33,83,6.082666
33,84,4.975369
33,85,-9.924811
33,86,-11.479117
33,87,-9.167417
33,88,-12.244614
33,89,7.525232
33,90,2.627029
33,91,-14.821839
33,92,3.000982
33,93,3.784955
33,94,4.252732
33,95,5.211994
33,96,6.706135
33,97,-7.202783
33,98,6.038428
33,99,-14.571497
34,34,-41.276156
34,35,2.033305
34,36,-7.045214
34,37,5.234468
34,38,-9.267224
34,39,4.041137
34,40,-7.863598
34,41,-10.351952
34,42,3.972440
34,43,3.386629
34,44,4.780142
34,45,3.639037
34,46,-11.689687
34,47,5.739389
34,48,1.635104
34,49,4.184533
34,50,-12.079597
34,51,-14.995384
34,52,-11.151743
34,53,-10.971352
34,54,5.722701
34,55,-14.575801
34,56,-6.890860
34,57,4.960674
34,58,-7.984091
34,59,5.456535
34,60,5.451926
34,61,5.420120
34,62,7.297857
34,63,-6.451882
34,64,-10.909372
34,65,-9.265970
34,66,3.912092
34,67,-13.134496
34,68,4.099254
34,69,2.980741
34,70,5.785996
34,71,-7.949334
34,72,-5.431129
34,73,-12.601680
34,74,7.085789
34,75,3.604560
34,76,-10.251694
34,77,5.560710
34,78,-7.898821
34,79,-11.691127
34,80,-12.890185
34,81,4.725806
34,82,-8.759607
34,83,4.181762
34,84,5.759658
34,85,-10.438728
34,86,-8.582332
34,87,-8.905176
34,88,-9.773541
34,89,5.446014
34,90,8.688178
34,91,-7.785329
34,92,6.126348
34,93,2.683647
34,94,7.635030
34,95,3.990406
34,96,4.465951
34,97,-9.413243
34,98,8.273021
34,99,-14.923298
35,35,4.454938
35,36,7.423638
35,37,-0.047963
35,38,6.024804
35,39,-1.956828
35,40,5.361842
35,41,4.482128
35,42,-0.390216
35,43,-0.853128
35,44,-3.350271
35,45,-1.074668
35,46,5.366387
35,47,-2.887775
35,48,0.200487
35,49,0.638873
35,50,6.711920
35,51,5.536081
35,52,5.767167
35,53,5.251895
35,54,-1.709036
35,55,6.017286
35,56,6.903250
35,57,0.026662
35,58,7.184696
35,59,-0.274322
35,60,-0.284078
35,61,-1.363395
35,62,-1.586883
35,63,7.876863
35,64,5.945670
35,65,4.160919
35,66,0.423394
35,67,7.974207
35,68,-2.481842
35,69,-2.672112
35,70,1.067225
35,71,5.095769
35,72,5.205768
35,73,8.302786
35,74,-1.046220
35,75,0.618067
35,76,8.511749
35,77,-0.659844
35,78,6.864365
35,79,2.343676
35,80,7.508152
35,81,-1.667457
35,82,1.449812
35,83,-2.257819
35,84,-1.802531
35,85,8.240552
35,86,5.307182
35,87,6.432185
35,88,6.274208
35,89,-2.584260
35,90,-0.953527
35,91,6.252873
35,92,-0.740532
35,93,-3.265042
35,94,-0.563040
35,95,1.918611
35,96,-0.542550
35,97,5.500270
35,98,-0.220895
35,99,5.364454
36,36,-56.924176
36,37,8.451020
36,38,-11.889763
36,39,5.857875
36,40,-5.190612
36,41,-9.854795
36,42,6.343081
36,43,6.474218
36,44,9.106866
36,45,2.469279
36,46,-13.006286
36,47,6.852247
36,48,4.534148
36,49,5.989970
36,50,-11.923381
36,51,-10.554260
36,52,-11.226474
36,53,-4.633810
36,54,4.140391
36,55,-8.206558
36,56,-14.018207
36,57,5.846841
36,58,-9.534676
36,59,8.488852
36,60,4.659342
36,61,3.533992
36,62,6.470980
36,63,-11.933946
36,64,-10.553314
36,65,-10.659792
36,66,6.320320
36,67,-9.309646
36,68,7.476587
36,69,7.638967
36,70,5.997539
36,71,-6.717114
36,72,-15.077006
36,73,-11.090152
36,74,4.062405
36,75,7.206479
36,76,-11.809048
36,77,6.659852
36,78,-11.513442
36,79,-8.085867
36,80,-14.147607
36,81,5.622887
36,82,-7.612992
36,83,1.216660
36,84,7.283551
36,85,-11.269039
36,86,-7.144008
36,87,-10.491785
36,88,-8.244657
36,89,7.130770
36,90,6.475644
36,91,-8.282067
36,92,3.562918
36,93,3.501925
36,94,7.976855
36,95,5.015899
36,96,5.216935
36,97,-5.343699
36,98,6.263381
36,99,-11.842435
37,37,7.536641
37,38,7.856989
37,39,1.643512
37,40,3.989989
37,41,6.295237
37,42,-1.384761
37,43,1.141419
37,44,-0.406821
37,45,-1.137659
37,46,7.477605
37,47,-1.262213
37,48,-1.685809
37,49,0.915769
37,50,7.871769
37,51,4.811649
37,52,6.067171
37,53,4.489500
37,54,-0.053476
37,55,8.031435
37,56,5.130036
37,57,0.527427
37,58,7.411620
37,59,-0.389450
37,60,-0.104612
37,61,-0.118968
37,62,-1.754155
37,63,4.898205
37,64,7.141748
37,65,7.133752
37,66,1.071885
37,67,6.158843
37,68,-1.677967
37,69,-0.997261
37,70,-1.873705
37,71,7.144168
37,72,4.295444
37,73,3.339349
37,74,-0.868127
37,75,1.812164
37,76,4.839311
37,77,-0.011003
37,78,7.059612
37,79,4.342500
37,80,6.025580
37,81,-1.483695
37,82,3.753816
37,83,-1.154202
37,84,-1.001233
37,85,3.730554
37,86,4.106545
37,87,3.828751
37,88,7.799169
37,89,-0.510201
37,90,-0.147995
37,91,3.839109
37,92,1.474124
37,93,-1.306403
37,94,-1.682370
37,95,-1.126792
37,96,-1.313329
37,97,7.349064
37,98,-0.513278
37,99,9.205203
38,38,-55.555520
38,39,5.185246
38,40,-9.657511
38,41,-7.927532
38,42,2.278497
38,43,5.231029
38,44,4.807456
38,45,6.224391
38,46,-7.237542
38,47,7.279111
38,48,7.727377
38,49,3.787279
38,50,-14.750629
38,51,-9.931774
38,52,-9.417369
38,53,-13.113967
38,54,2.964345
38,55,-8.745549
38,56,-5.227140
38,57,6.179648
38,58,-13.532863
38,59,2.548238
38,60,7.489611
38,61,2.194966
38,62,6.076271
38,63,-11.602019
38,64,-6.460920
38,65,-6.886795
38,66,5.238096
38,67,-5.148279
38,68,7.860319
38,69,6.394363
38,70,2.738510
38,71,-8.481667
38,72,-8.702613
38,73,-7.568803
38,74,6.615319
38,75,6.758367
38,76,-11.773525
38,77,7.853918
38,78,-9.579863
38,79,-10.501813
38,80,-7.012594
38,81,5.743519
38,82,-12.472248
38,83,6.031179
38,84,5.616592
38,85,-6.879483
38,86,-12.796732
38,87,-9.785296
38,88,-9.282663
38,89,6.557679
38,90,2.971903
38,91,-7.704772
38,92,3.808251
38,93,5.972050
38,94,4.223088
38,95,2.402196
38,96,6.601744
38,97,-3.992588
38,98,2.238476
38,99,-6.775675
39,39,24.586844
39,40,4.273656
39,41,4.146673
39,42,-2.773753
39,43,-2.128863
39,44,-0.978861
39,45,-3.146055
39,46,6.711486
39,47,1.539977
39,48,-2.781616
39,49,-2.313418
39,50,5.089750
39,51,3.595460
39,52,7.736955
39,53,3.907233
39,54,0.959911
39,55,2.298933
39,56,4.574963
39,57,0.080269
39,58,6.850879
39,59,0.392541
39,60,-1.130520
39,61,-1.666356
39,62,-1.979925
39,63,5.894441
39,64,6.869397
39,65,5.007063
39,66,-0.640662
39,67,4.670254
39,68,1.240019
39,69,-2.052295
39,70,-2.809636
39,71,8.178500
39,72,5.225310
39,73,5.810070
39,74,-1.171718
39,75,0.597167
39,76,3.527678
39,77,0.576081
39,78,3.997944
39,79,5.439926
39,80,5.968394
39,81,-0.562328
39,82,5.031861
39,83,-1.719006
39,84,-0.300434
39,85,4.705277
39,86,8.359408
39,87,1.535917
39,88,7.910806
39,89,1.764461
39,90,-1.146290
39,91,2.575062
39,92,0.393129
39,93,-0.681344
39,94,-2.583658
39,95,-0.778028
39,96,-2.275830
39,97,5.102497
39,98,0.383751
39,99,5.303799
40,40,-70.192688
40,41,-7.752016
40,42,7.892236
40,43,9.667315
40,44,3.991851
40,45,6.245028
40,46,-9.118353
40,47,4.587173
40,48,6.868146
40,49,7.937656
40,50,-7.938922
40,51,-15.704521
40,52,-9.339692
40,53,-10.472821
40,54,3.206417
40,55,-6.957723
40,56,-13.051631
40,57,6.432022
40,58,-11.829494
40,59,6.347191
40,60,3.499643
40,61,5.234438
40,62,7.213598
40,63,-13.040194
40,64,-9.115788
40,65,-11.717291
40,66,2.685721
40,67,-8.743230
40,68,8.126987
40,69,3.900480
40,70,3.894405
40,71,-11.223052
40,72,-7.999394
40,73,-11.551058
40,74,2.430329
40,75,6.773161
40,76,-4.739927
40,77,5.399531
40,78,-11.353546
40,79,-9.723701
40,80,-7.022208
40,81,5.427697
40,82,-9.782634
40,83,1.961893
40,84,3.603512
40,85,-10.472312
40,86,-12.508072
40,87,-7.146717
40,88,-8.121676
40,89,7.289322
40,90,5.533728
40,91,-10.840020
40,92,3.394979
40,93,4.441915
40,94,5.510319
40,95,6.039584
40,96,7.692547
40,97,-12.699292
40,98,6.118773
40,99,-7.811831
41,41,-57.329025
41,42,4.305867
41,43,5.658321
41,44,5.467187
41,45,7.677057
41,46,-4.974301
41,47,2.176417
41,48,3.999278
41,49,5.813812
41,50,-10.146618
41,51,-8.352441
41,52,-9.242780
41,53,-13.133469
41,54,5.588510
41,55,-9.035439
41,56,-8.404051
41,57,3.640167
41,58,-5.198349
41,59,6.332205
41,60,6.048162
41,61,8.473927
41,62,8.467496
41,63,-12.851575
41,64,-5.764547
41,65,-8.865721
41,66,5.580850
41,67,-9.899927
41,68,7.714117
41,69,7.797450
41,70,6.524574
41,71,-11.415759
41,72,-15.719169
41,73,-12.581648
41,74,5.682360
41,75,5.577743
41,76,-10.482207
41,77,5.482644
41,78,-8.312555
41,79,-13.013650
41,80,-9.116654
41,81,3.349046
41,82,-4.343095
41,83,4.967477
41,84,7.361338
41,85,-9.382556
41,86,-6.778543
41,87,-12.084007
41,88,-10.889887
41,89,5.253933
41,90,3.504851
41,91,-7.040997
41,92,7.168287
41,93,5.373446
41,94,4.716514
41,95,7.180708
41,96,7.244862
41,97,-10.854169
41,98,5.236525
41,99,-5.010854
42,42,13.329506
42,43,-2.316127
42,44,-1.389634
42,45,0.177847
42,46,3.825661
42,47,-1.231478
42,48,-0.818378
42,49,-0.527233
42,50,3.632780
42,51,7.098768
42,52,6.591275
42,53,6.813155
42,54,-0.055839
42,55,6.598163
42,56,4.283605
42,57,-1.638230
42,58,4.961996
42,59,-1.347986
42,60,-1.402145
42,61,0.299368
42,62,1.403660
42,63,1.722650
42,64,7.962669
42,65,7.333872
42,66,-1.930133
42,67,6.831784
42,68,1.218265
42,69,-1.483173
42,70,-2.342685
42,71,5.061614
42,72,8.003962
42,73,5.943135
42,74,0.774099
42,75,-2.633901
42,76,3.738324
42,77,2.290093
42,78,5.827937
42,79,5.092774
42,80,6.559014
42,81,-0.592615
42,82,7.384396
42,83,0.145298
42,84,-1.816470
42,85,4.912531
42,86,6.390618
42,87,3.993297
42,88,5.102558
42,89,0.131044
42,90,-0.656020
42,91,5.291301
42,92,-2.700560
42,93,-0.240259
42,94,-0.916511
42,95,0.282249
42,96,-0.662493
42,97,4.684896
42,98,-2.584472
42,99,4.811870
43,43,22.468504
43,44,-1.216560
43,45,1.209410
43,46,7.356916
43,47,-1.503047
43,48,-3.233233
43,49,-0.734719
43,50,4.908246
43,51,7.600133
43,52,4.720470
43,53,3.542597
43,54,-1.242155
43,55,7.163524
43,56,3.294309
43,57,-0.147200
43,58,3.608328
43,59,-1.444615
43,60,-1.296168
43,61,-1.183228
43,62,0.186783
43,63,4.784135
43,64,3.310477
43,65,4.779559
43,66,-2.410187
43,67,3.780676
43,68,-0.560904
43,69,-3.321512
43,70,1.750124
43,71,3.814103
43,72,7.518746
43,73,8.620152
43,74,-1.579213
43,75,0.990544
43,76,6.932645
43,77,-0.826090
43,78,7.072844
43,79,5.994660
43,80,7.914243
43,81,-1.597789
43,82,5.438408
43,83,-2.676730
43,84,-2.840822
43,85,2.799939
43,86,4.288968
43,87,3.894018
43,88,4.927753
43,89,0.414553
43,90,-0.708237
43,91,6.025432
43,92,-0.524913
43,93,-0.551894
43,94,-0.394129
43,95,-0.794713
43,96,-1.070618
43,97,3.639735
43,98,-1.287564
43,99,4.388171
44,44,36.652730
44,45,-0.721074
44,46,3.874121
44,47,-3.014692
44,48,0.103033
44,49,-0.564569
44,50,6.289631
44,51,2.167523
44,52,2.747431
44,53,2.593703
44,54,-0.815754
44,55,2.263951
44,56,3.224272
44,57,-2.717976
44,58,7.875611
44,59,-1.860002
44,60,-0.002640
44,61,-2.221112
44,62,-2.336589
44,63,1.870354
44,64,7.206100
44,65,5.698233
44,66,1.538886
44,67,8.107691
44,68,-0.558022
44,69,-0.529720
44,70,-0.234338
44,71,3.489137
44,72,9.107100
44,73,4.395385
44,74,-0.321355
44,75,-2.685297
44,76,6.617730
44,77,-0.638615
44,78,7.315894
44,79,3.309966
44,80,1.324435
44,81,0.070372
44,82,3.564902
44,83,0.081399
44,84,1.947495
44,85,4.166363
44,86,7.949028
44,87,6.428561
44,88,4.969494
44,89,-1.127151
44,90,-1.464697
44,91,4.422427
44,92,0.279119
44,93,-2.368184
44,94,0.152918
44,95,-2.835320
44,96,-0.395941
44,97,6.499206
44,98,0.814994
44,99,4.004778
45,45,27.838913
45,46,2.217979
45,47,-1.304135
45,48,-0.512479
45,49,1.226651
45,50,3.860644
45,51,3.145684
45,52,1.946714
45,53,4.689374
45,54,-0.184169
45,55,6.815874
45,56,8.096118
45,57,1.106227
45,58,7.766007
45,59,-2.227211
45,60,-0.395118
45,61,1.399198
45,62,0.736437
45,63,6.627197
45,64,5.366797
45,65,7.387413
45,66,-2.792237
45,67,5.715836
45,68,-0.948018
45,69,0.507700
45,70,-2.126930
45,71,6.680867
45,72,2.447639
45,73,5.178802
45,74,-1.696650
45,75,-1.732389
45,76,8.301186
45,77,-1.865315
45,78,6.619653
45,79,2.378575
45,80,6.861321
45,81,0.035675
45,82,6.446360
45,83,-1.042813
45,84,0.428823
45,85,4.830524
45,86,4.908094
45,87,4.253003
45,88,2.767483
45,89,-1.354474
45,90,-0.684476
45,91,8.358254
45,92,0.197073
45,93,-2.687293
45,94,-2.300290
45,95,-1.770865
45,96,-3.171624
45,97,5.340239
45,98,-0.545889
45,99,1.954545
46,46,-62.156403
46,47,6.942498
46,48,6.987252
46,49,6.749138
46,50,-13.671346
46,51,-8.263153
46,52,-11.171203
46,53,-5.413395
46,54,3.986508
46,55,-7.238680
46,56,-8.499008
46,57,8.341157
46,58,-11.864037
46,59,3.653747
46,60,5.675103
46,61,3.951825
46,62,6.338283
46,63,-8.716474
46,64,-7.967585
46,65,-9.721332
46,66,3.033725
46,67,-9.028154
46,68,4.441021
46,69,4.850188
46,70,4.941692
46,71,-10.343644
46,72,-9.950231
46,73,-13.878911
46,74,5.460497
46,75,3.551065
46,76,-11.008914
46,77,7.267216
46,78,-12.304810
46,79,-6.369421
46,80,-9.580880
46,81,7.639828
46,82,-11.799289
46,83,6.641641
46,84,3.180277
46,85,-10.592282
46,86,-10.423317
46,87,-7.089655
46,88,-10.197074
46,89,5.381447
46,90,6.652562
46,91,-6.978079
46,92,3.440199
46,93,3.051060
46,94,4.576613
46,95,4.269972
46,96,5.805785
46,97,-8.615991
46,98,3.985798
46,99,-8.250630
47,47,5.061945
47,48,0.487413
47,49,0.319580
47,50,6.226134
47,51,9.804034
47,52,6.239122
47,53,4.266040
47,54,-0.527087
47,55,5.337162
47,56,5.941711
47,57,-0.274897
47,58,5.680738
47,59,-1.584931
47,60,1.702017
47,61,-2.207548
47,62,-1.943364
47,63,8.865358
47,64,4.767104
47,65,5.781140
47,66,-2.923386
47,67,5.998867
47,68,0.092893
47,69,-0.662912
47,70,0.796516
47,71,5.132765
47,72,7.701534
47,73,5.652703
47,74,-1.426344
47,75,-2.382306
47,76,7.385103
47,77,-0.613011
47,78,3.135924
47,79,3.106966
47,80,4.558289
47,81,0.273447
47,82,8.180654
47,83,-2.355860
47,84,-1.016385
47,85,6.943243
47,86,5.842434
47,87,6.622950
47,88,6.310937
47,89,1.720970
47,90,-1.882278
47,91,4.073902
47,92,-2.905890
47,93,-2.909177
47,94,-1.258617
47,95,-2.958774
47,96,0.301865
47,97,4.228176
47,98,0.730438
47,99,4.554462
48,48,7.541275
48,49,1.766408
48,50,6.941284
48,51,5.017853
48,52,8.928896
48,53,5.106091
48,54,-2.732871
48,55,5.824654
48,56,2.722638
48,57,-0.281061
48,58,2.604558
48,59,-1.060546
48,60,-1.591701
48,61,-0.405016
48,62,-1.104747
48,63,4.229876
48,64,3.874382
48,65,5.210602
48,66,-1.019983
48,67,7.064364
48,68,0.466823
48,69,-2.355920
48,70,0.603739
48,71,3.843884
48,72,7.544328
48,73,8.604710
48,74,-0.890421
48,75,-0.979070
48,76,5.140124
48,77,-1.804878
48,78,5.220356
48,79,5.242890
48,80,8.563615
48,81,-1.611061
48,82,7.076535
48,83,0.615262
48,84,0.861388
48,85,3.871474
48,86,5.152333
48,87,5.458806
48,88,4.724565
48,89,0.231469
48,90,0.134682
48,91,8.178227
48,92,-0.076193
48,93,-1.482742
48,94,-1.116525
48,95,-0.002362
48,96,-1.012196
48,97,4.456771
48,98,-1.061161
48,99,7.865400
49,49,26.909455
49,50,6.665946
49,51,4.996233
49,52,6.158696
49,53,5.129422
49,54,-1.751109
49,55,4.041270
49,56,4.050076
49,57,-0.155639
49,58,2.168218
49,59,-2.010799
49,60,0.997500
49,61,-1.256846
49,62,-1.045186
49,63,6.397040
49,64,4.341533
49,65,3.494102
49,66,-2.485359
49,67,5.602100
49,68,-0.956181
49,69,-2.649224
49,70,1.734414
49,71,5.790025
49,72,5.683602
49,73,6.627814
49,74,-2.151258
49,75,-1.408071
49,76,6.271555
49,77,-1.041287
49,78,5.990350
49,79,7.322320
49,80,6.506569
49,81,0.461471
49,82,4.691705
49,83,-1.489125
49,84,0.945124
49,85,5.708937
49,86,5.507660
49,87,3.439919
49,88,4.499647
49,89,-1.537955
49,90,-0.690625
49,91,4.317173
49,92,-0.295801
49,93,0.084235
49,94,-1.789987
49,95,-1.031465
49,96,-2.906535
49,97,6.820081
49,98,-1.628211
49,99,3.555654
50,50,-79.004975
50,51,-8.111888
50,52,-11.213494
50,53,-13.770864
50,54,7.442061
50,55,-11.585848
50,56,-10.736965
50,57,6.615196
50,58,-10.532671
50,59,6.785464
50,60,4.894880
50,61,7.828210
50,62,4.376267
50,63,-7.288818
50,64,-14.482787
50,65,-12.866632
50,66,4.841198
50,67,-9.191375
50,68,6.583469
50,69,9.731832
50,70,3.975405
50,71,-8.445740
50,72,-8.475246
50,73,-8.605635
50,74,6.072031
50,75,5.504636
50,76,-6.541913
50,77,4.721528
50,78,-7.103903
50,79,-10.880200
50,80,-9.676178
50,81,7.239949
50,82,-9.864833
50,83,3.164556
50,84,7.689301
50,85,-12.470262
50,86,-12.497553
50,87,-7.160699
50,88,-7.724488
50,89,5.179159
50,90,7.534230
50,91,-6.445344
50,92,6.187075
50,93,7.191349
50,94,5.692943
50,95,4.012862
50,96,5.082682
50,97,-13.020388
50,98,3.155822
50,99,-14.356561
51,51,-42.861828
51,52,-5.119695
51,53,-7.359111
51,54,5.220586
51,55,-14.354361
51,56,-9.398470
51,57,4.664584
51,58,-7.931623
51,59,6.986658
51,60,4.447007
51,61,5.434047
51,62,5.127008
51,63,-10.958073
51,64,-11.252427
51,65,-5.780189
51,66,6.415321
51,67,-14.384488
51,68,5.644734
51,69,6.962341
51,70,4.940258
51,71,-4.953567
51,72,-7.113180
51,73,-10.768302
51,74,5.394812
51,75,2.569713
51,76,-11.636309
51,77,4.934565
51,78,-9.994278
51,79,-12.423012
51,80,-13.163027
51,81,7.214164
51,82,-14.480096
51,83,4.543562
51,84,7.743956
51,85,-8.713347
51,86,-11.436483
51,87,-12.954020
51,88,-13.733771
51,89,5.950935
51,90,3.222978
51,91,-11.118204
51,92,6.166670
51,93,4.206199
51,94,5.582831
51,95,6.780438
51,96,8.717273
51,97,-7.251147
51,98,5.431725
51,99,-13.404495
52,52,-38.167361
52,53,-11.256178
52,54,8.354803
52,55,-8.516074
52,56,-8.021797
52,57,3.234617
52,58,-6.546750
52,59,6.042404
52,60,2.603508
52,61,6.687742
52,62,3.793921
52,63,-8.697292
52,64,-6.429472
52,65,-8.019850
52,66,7.840802
52,67,-12.270690
52,68,2.835743
52,69,4.392151
52,70,3.878292
52,71,-10.726391
52,72,-11.143708
52,73,-7.192886
52,74,3.279690
52,75,4.207501
52,76,-10.807065
52,77,4.133606
52,78,-8.545551
52,79,-8.065631
52,80,-8.946684
52,81,6.011156
52,82,-5.612736
52,83,7.116402
52,84,6.596333
52,85,-11.959001
52,86,-10.848625
52,87,-13.506218
52,88,-3.711904
52,89,4.533872
52,90,4.226819
52,91,-9.767423
52,92,6.500498
52,93,4.811735
52,94,5.694547
52,95,5.596743
52,96,6.958239
52,97,-7.686662
52,98,5.458734
52,99,-9.803083
53,53,-72.562259
53,54,2.323370
53,55,-7.045750
53,56,-5.209335
53,57,6.112794
53,58,-8.005867
53,59,4.502961
53,60,5.340135
53,61,5.423152
53,62,7.622315
53,63,-7.628386
53,64,-8.567284
53,65,-13.350167
53,66,7.744752
53,67,-11.516048
53,68,7.090810
53,69,6.529311
53,70,3.318258
53,71,-9.375309
53,72,-7.765741
53,73,-10.966508
53,74,8.487986
53,75,6.182593
53,76,-11.695336
53,77,5.279748
53,78,-6.289160
53,79,-11.774497
53,80,-7.607284
53,81,7.555161
53,82,-5.523639
53,83,8.159148
53,84,5.957598
53,85,-8.150387
53,86,-11.541243
53,87,-7.221549
53,88,-8.909259
53,89,4.645577
53,90,6.269727
53,91,-11.791629
53,92,6.156463
53,93,1.822962
53,94,6.709862
53,95,4.740666
53,96,4.411764
53,97,-12.376123
53,98,4.752161
53,99,-8.883219
54,54,28.997514
54,55,6.421970
54,56,3.269404
54,57,-1.131869
54,58,4.188970
54,59,-0.953454
54,60,-0.561835
54,61,-1.016655
54,62,0.416096
54,63,5.238011
54,64,7.356954
54,65,8.147586
54,66,1.486644
54,67,6.033014
54,68,-3.148392
54,69,-0.335974
54,70,-0.637612
54,71,3.661172
54,72,4.207813
54,73,4.522544
54,74,-1.616047
54,75,-0.511231
54,76,6.042917
54,77,-3.598616
54,78,6.771545
54,79,2.816151
54,80,4.727412
54,81,-1.365625
54,82,5.533170
54,83,0.131399
54,84,0.266339
54,85,5.499621
54,86,6.381120
54,87,3.403931
54,88,6.450525
54,89,-0.733183
54,90,-1.407762
54,91,4.596725
54,92,-1.367897
54,93,-2.711502
54,94,-1.522664
54,95,0.208260
54,96,-1.441196
54,97,6.725407
54,98,-0.527368
54,99,3.597943
55,55,-60.705358
55,56,-9.115209
55,57,7.899803
55,58,-8.150243
55,59,4.692587
55,60,2.576111
55,61,4.293095
55,62,5.608070
55,63,-11.425953
55,64,-11.961559
55,65,-10.121438
55,66,4.870966
55,67,-8.563894
55,68,5.945283
55,69,5.956714
55,70,4.066458
55,71,-5.373350
55,72,-8.106449
55,73,-11.636891
55,74,7.479418
55,75,5.271683
55,76,-12.255510
55,77,4.078991
55,78,-6.131154
55,79,-9.378188
55,80,-7.683618
55,81,7.208308
55,82,-11.826492
55,83,4.258685
55,84,5.399927
55,85,-12.131042
55,86,-6.101640
55,87,-13.531259
55,88,-14.419584
55,89,4.775261
55,90,5.912926
55,91,-11.234596
55,92,6.632051
55,93,8.114250
55,94,7.710271
55,95,3.233636
55,96,6.192976
55,97,-9.786388
55,98,2.618482
55,99,-7.453219
56,56,-90.153852
56,57,5.574005
56,58,-9.208900
56,59,6.879123
56,60,7.269465
56,61,7.970000
56,62,4.910648
56,63,-10.122918
56,64,-8.088564
56,65,-8.116963
56,66,6.748701
56,67,-10.473341
56,68,6.953065
56,69,6.582583
56,70,3.881845
56,71,-8.294887
56,72,-4.833464
56,73,-11.536977
56,74,5.435437
56,75,4.103369
56,76,-10.959948
56,77,3.837516
56,78,-14.501896
56,79,-10.137420
56,80,-10.665089
56,81,5.459243
56,82,-14.681274
56,83,6.039853
56,84,8.870514
56,85,-8.395111
56,86,-4.464908
56,87,-7.123563
56,88,-6.901974
56,89,5.685956
56,90,3.048552
56,91,-8.900019
56,92,5.445380
56,93,7.957497
56,94,4.958337
56,95,5.402584
56,96,5.437299
56,97,-10.837401
56,98,3.055372
56,99,-11.988140
57,57,24.929742
57,58,7.212859
57,59,-1.931793
57,60,-2.960469
57,61,0.271924
57,62,-2.209789
57,63,8.084611
57,64,4.846157
57,65,3.327009
57,66,-1.430410
57,67,3.876832
57,68,0.232722
57,69,-0.451658
57,70,-1.564872
57,71,7.221647
57,72,2.200508
57,73,3.766338
57,74,-2.039333
57,75,0.303389
57,76,2.730968
57,77,-0.849178
57,78,3.135826
57,79,3.568639
57,80,4.647123
57,81,1.890780
57,82,4.961690
57,83,-0.656289
57,84,1.429098
57,85,3.916504
57,86,5.084000
57,87,3.813561
57,88,6.341769
57,89,-1.784408
57,90,-0.529255
57,91,8.335991
57,92,1.475099
57,93,-3.473482
57,94,-0.747277
57,95,-0.945554
57,96,1.658817
57,97,5.351757
57,98,0.767093
57,99,7.998678
58,58,-62.508299
58,59,2.959192
58,60,3.982787
58,61,2.081445
58,62,3.374235
58,63,-14.052224
58,64,-9.161214
58,65,-9.495214
58,66,5.405538
58,67,-8.872355
58,68,4.421407
58,69,3.268171
58,70,4.689623
58,71,-13.343841
58,72,-7.448833
58,73,-14.914328
58,74,7.032048
58,75,4.640197
58,76,-14.912167
58,77,5.941208
58,78,-11.996790
58,79,-6.495374
58,80,-12.107402
58,81,6.603180
58,82,-8.975193
58,83,6.304304
58,84,6.189789
58,85,-10.221385
58,86,-12.724417
58,87,-9.255803
58,88,-7.204568
58,89,6.911431
58,90,6.194250
58,91,-8.233367
58,92,8.024287
58,93,5.634960
58,94,8.625886
58,95,6.582312
58,96,5.851360
58,97,-9.971408
58,98,3.740922
58,99,-11.801266
59,59,24.560286
59,60,-1.641198
59,61,0.121649
59,62,-1.985801
59,63,7.248748
59,64,6.248105
59,65,6.127360
59,66,-0.758654
59,67,6.437831
59,68,-0.720289
59,69,0.392135
59,70,-2.155764
59,71,7.831715
59,72,4.228093
59,73,6.037158
59,74,-3.275857
59,75,-2.716947
59,76,7.781968
59,77,1.125244
59,78,4.291632
59,79,5.771596
59,80,5.311837
59,81,-0.409717
59,82,5.585516
59,83,2.092842
59,84,-0.884975
59,85,2.009145
59,86,4.015487
59,87,6.754730
59,88,6.683036
59,89,0.712259
59,90,0.747172
59,91,3.570262
59,92,-2.648761
59,93,-2.803675
59,94,-2.197331
59,95,-1.976422
59,96,-1.414794
59,97,5.817106
59,98,-1.462367
59,99,6.266666
60,60,31.496141
60,61,-0.085580
60,62,0.464146
60,63,4.642093
60,64,5.244025
60,65,3.962200
60,66,-0.766253
60,67,3.314250
60,68,-1.641643
60,69,-3.271159
60,70,-1.815270
60,71,5.475322
60,72,3.407588
60,73,6.721742
60,74,-1.433790
60,75,0.353498
60,76,6.219154
60,77,0.181312
60,78,4.669131
60,79,3.822343
60,80,5.623974
60,81,-1.074920
60,82,2.703939
60,83,-0.581668
60,84,-0.588860
60,85,7.379005
60,86,5.297388
60,87,4.554899
60,88,6.306230
60,89,-0.160997
60,90,-0.673555
60,91,5.829119
60,92,0.278947
60,93,-1.320214
60,94,-0.646974
60,95,-1.382079
60,96,0.742236
60,97,4.429718
60,98,-2.406335
60,99,4.617898
61,61,11.892111
61,62,0.875132
61,63,4.034883
61,64,6.607704
61,65,7.186131
61,66,-1.163113
61,67,3.248643
61,68,0.832408
61,69,1.513085
61,70,-1.308334
61,71,5.592043
61,72,5.290815
61,73,2.971598
61,74,-0.697829
61,75,0.593487
61,76,6.570951
61,77,0.743942
61,78,4.798274
61,79,6.035825
61,80,5.485341
61,81,0.692596
61,82,4.401483
61,83,-1.951433
61,84,-0.308412
61,85,3.294127
61,86,5.148508
61,87,5.863135
61,88,6.654443
61,89,-0.973860
61,90,-0.480152
61,91,3.533302
61,92,2.570415
61,93,-1.480783
61,94,-3.632504
61,95,-2.593766
61,96,-0.909951
61,97,5.858826
61,98,1.088436
61,99,5.223564
62,62,16.204663
62,63,6.860302
62,64,3.799520
62,65,6.707840
62,66,-1.029572
62,67,3.893284
62,68,0.280854
62,69,-1.756903
62,70,-1.371684
62,71,7.724636
62,72,6.382555
62,73,4.267673
62,74,0.890513
62,75,0.515323
62,76,8.586016
62,77,0.246577
62,78,6.460020
62,79,6.278596
62,80,4.255193
62,81,-2.119231
62,82,2.099757
62,83,-0.284182
62,84,-2.801152
62,85,6.425036
62,86,7.835330
62,87,5.751844
62,88,5.517659
62,89,-0.657462
62,90,-0.348299
62,91,4.984293
62,92,0.263422
62,93,-0.182929
62,94,-1.332032
62,95,0.663135
62,96,1.047125
62,97,5.552298
62,98,-0.589995
62,99,2.792020
63,63,-67.943192
63,64,-9.041366
63,65,-12.381882
63,66,3.668137
63,67,-5.427879
63,68,3.358353
63,69,5.772560
63,70,7.409339
63,71,-9.017688
63,72,-4.791387
63,73,-7.608973
63,74,7.955284
63,75,6.274557
63,76,-8.823822
63,77,4.457875
63,78,-11.801584
63,79,-13.056074
63,80,-7.403157
63,81,4.543086
63,82,-8.162049
63,83,5.877998
63,84,5.822689
63,85,-13.810598
63,86,-11.138251
63,87,-6.717823
63,88,-7.817478
63,89,3.868566
63,90,7.260725
63,91,-7.102771
63,92,3.715523
63,93,1.849333
63,94,4.215292
63,95,7.507224
63,96,5.725646
63,97,-12.660100
63,98,6.800042
63,99,-5.465116
64,64,-65.707715
64,65,-7.471202
64,66,4.471140
64,67,-16.462150
64,68,7.431643
64,69,5.232783
64,70,5.132488
64,71,-11.595141
64,72,-10.783653
64,73,-12.423590
64,74,5.067975
64,75,7.927666
64,76,-11.573437
64,77,6.098847
64,78,-9.722235
64,79,-7.806709
64,80,-9.746038
64,81,6.267964
64,82,-6.962674
64,83,7.575822
64,84,3.190413
64,85,-13.125168
64,86,-14.492336
64,87,-11.544631
64,88,-10.497804
64,89,7.130827
64,90,5.742852
64,91,-9.808841
64,92,5.223585
64,93,8.339963
64,94,6.478863
64,95,7.824483
64,96,5.837566
64,97,-11.240212
64,98,4.216399
64,99,-11.742997
65,65,-68.392415
65,66,3.725742
65,67,-13.580742
65,68,5.492649
65,69,5.171637
65,70,5.189411
65,71,-13.373243
65,72,-12.644592
65,73,-4.109115
65,74,6.179136
65,75,5.810438
65,76,-12.559761
65,77,3.900620
65,78,-10.226702
65,79,-9.526381
65,80,-10.401105
65,81,7.150973
65,82,-9.810449
65,83,4.517653
65,84,5.430760
65,85,-9.451100
65,86,-5.974241
65,87,-13.969006
65,88,-8.469748
65,89,5.936790
65,90,7.123160
65,91,-7.182933
65,92,5.663427
65,93,5.270879
65,94,9.392240
65,95,5.143902
65,96,5.121986
65,97,-14.309003
65,98,2.909985
65,99,-8.505527
66,66,23.091497
66,67,6.357935
66,68,0.847720
66,69,-2.178865
66,70,-0.211897
66,71,6.970173
66,72,3.874787
66,73,8.810605
66,74,-2.685045
66,75,0.299868
66,76,4.257041
66,77,-1.414938
66,78,6.166302
66,79,3.611517
66,80,7.660061
66,81,1.203377
66,82,4.134045
66,83,-2.327595
66,84,-0.066254
66,85,3.249161
66,86,3.594051
66,87,4.071968
66,88,5.048201
66,89,-1.486586
66,90,0.559336
66,91,3.948810
66,92,-1.771602
66,93,-0.587397
66,94,0.507627
66,95,0.828931
66,96,-2.910518
66,97,5.330953
66,98,0.629951
66,99,8.097310
67,67,-37.684296
67,68,3.992590
67,69,6.823322
67,70,5.159158
67,71,-6.050465
67,72,-8.637364
67,73,-12.140453
67,74,6.935591
67,75,5.879880
67,76,-11.191063
67,77,8.783685
67,78,-8.651288
67,79,-9.492204
67,80,-8.719979
67,81,6.942565
67,82,-12.490562
67,83,5.710087
67,84,4.218494
67,85,-8.124742
67,86,-15.445222
67,87,-10.249806
67,88,-12.225647
67,89,4.931593
67,90,6.942120
67,91,-10.303295
67,92,4.385418
67,93,5.120413
67,94,6.990615
67,95,4.954961
67,96,4.793641
67,97,-10.654544
67,98,7.086773
67,99,-10.721684
68,68,24.401149
68,69,2.377739
68,70,-1.610748
68,71,5.221199
68,72,4.825751
68,73,6.285982
68,74,-0.006835
68,75,-2.326915
68,76,3.775595
68,77,-0.955428
68,78,5.713053
68,79,6.635690
68,80,5.976714
68,81,-1.796428
68,82,4.005811
68,83,-1.500966
68,84,0.744507
68,85,2.286081
68,86,2.161850
68,87,4.803530
68,88,4.653375
68,89,-2.030677
68,90,0.534121
68,91,6.877535
68,92,0.747883
68,93,0.048015
68,94,-1.387823
68,95,-2.444271
68,96,-0.481386
68,97,5.663175
68,98,0.192887
68,99,5.765645
69,69,24.883297
69,70,-1.614999
69,71,3.026246
69,72,4.012195
69,73,3.818668
69,74,-3.092888
69,75,0.422107
69,76,2.333861
69,77,1.904665
69,78,5.025676
69,79,4.214489
69,80,7.571299
69,81,-1.170858
69,82,7.842490
69,83,-1.305126
69,84,0.287673
69,85,3.503813
69,86,3.409441
69,87,3.799286
69,88,6.468565
69,89,-0.381254
69,90,0.061995
69,91,6.563316
69,92,-0.854490
69,93,-1.589410
69,94,-2.121260
69,95,-2.539761
69,96,-0.626304
69,97,8.801661
69,98,-0.619217
69,99,4.641745
70,70,30.165667
70,71,7.492802
70,72,6.398074
70,73,5.846732
70,74,-3.254244
70,75,0.608005
70,76,3.174788
70,77,-1.990760
70,78,4.902172
70,79,5.347245
70,80,2.263761
70,81,1.161491
70,82,5.360494
70,83,-1.484440
70,84,-2.052236
70,85,5.793141
70,86,6.510165
70,87,3.702644
70,88,5.221322
70,89,-0.518086
70,90,0.005983
70,91,6.629720
70,92,0.256924
70,93,1.985053
70,94,-1.823548
70,95,-1.939828
70,96,-2.208189
70,97,6.772543
70,98,-0.083216
70,99,5.296989
71,71,-68.812175
71,72,-9.160497
71,73,-9.761369
71,74,7.935000
71,75,8.678180
71,76,-10.008686
71,77,7.370556
71,78,-11.664758
71,79,-6.091560
71,80,-8.572416
71,81,8.695259
71,82,-11.624228
71,83,4.687774
71,84,6.190183
71,85,-8.865068
71,86,-7.600319
71,87,-7.055978
71,88,-6.851569
71,89,6.737156
71,90,6.816877
71,91,-9.011588
71,92,4.180294
71,93,8.352287
71,94,2.299519
71,95,2.576440
71,96,5.103733
71,97,-10.850930
71,98,2.531114
71,99,-6.889118
72,72,-54.487805
72,73,-14.400725
72,74,5.214160
72,75,4.468625
72,76,-11.461019
72,77,5.294423
72,78,-11.522624
72,79,-10.173314
72,80,-11.700834
72,81,7.353992
72,82,-7.255526
72,83,3.323434
72,84,4.769942
72,85,-8.796321
72,86,-11.904661
72,87,-8.275395
72,88,-13.814876
72,89,6.821873
72,90,4.355655
72,91,-13.609933
72,92,7.352245
72,93,5.035931
72,94,7.730322
72,95,6.624232
72,96,7.236446
72,97,-6.604970
72,98,6.986683
72,99,-7.273926
73,73,-53.784983
73,74,4.256148
73,75,4.701606
73,76,-6.463672
73,77,1.578224
73,78,-11.110668
73,79,-6.010780
73,80,-10.725228
73,81,3.405041
73,82,-9.624026
73,83,5.805442
73,84,3.177048
73,85,-7.564736
73,86,-6.308976
73,87,-7.420141
73,88,-13.343949
73,89,6.452798
73,90,4.598192
73,91,-8.398459
73,92,3.176230
73,93,8.707193
73,94,2.246625
73,95,5.061505
73,96,5.406295
73,97,-11.629596
73,98,8.018987
73,99,-12.973457
74,74,14.283645
74,75,0.528206
74,76,8.478912
74,77,0.480455
74,78,6.188469
74,79,4.957925
74,80,5.922581
74,81,-2.349135
74,82,7.810574
74,83,-1.649767
74,84,-1.660888
74,85,5.308660
74,86,6.216519
74,87,2.083362
74,88,5.857779
74,89,1.541043
74,90,-1.520546
74,91,4.539255
74,92,-0.302489
74,93,-0.213355
74,94,-1.426148
74,95,1.176096
74,96,-1.695091
74,97,8.655005
74,98,-0.489123
74,99,7.705658
75,75,13.559291
75,76,4.814298
75,77,-1.700242
75,78,4.475650
75,79,6.696336
75,80,6.270385
75,81,-1.464560
75,82,6.781145
75,83,0.326662
75,84,-0.715129
75,85,4.145049
75,86,8.037346
75,87,6.212481
75,88,5.927360
75,89,-0.230159
75,90,-0.760789
75,91,7.119112
75,92,-3.041520
75,93,1.244848
75,94,-1.330427
75,95,-1.831310
75,96,-0.594512
75,97,5.919644
75,98,-2.650230
75,99,3.867119
76,76,-59.269208
76,77,7.634640
76,78,-10.072145
76,79,-7.991142
76,80,-12.610182
76,81,3.603998
76,82,-12.728511
76,83,5.312617
76,84,7.465837
76,85,-12.139994
76,86,-10.404685
76,87,-14.732301
76,88,-12.923451
76,89,6.020369
76,90,5.299949
76,91,-13.095024
76,92,6.429687
76,93,5.599893
76,94,7.140936
76,95,6.611737
76,96,4.081658
76,97,-15.747063
76,98,4.942552
76,99,-8.738048
77,77,33.758762
77,78,3.704098
77,79,6.039514
77,80,5.829341
77,81,1.046492
77,82,8.855658
77,83,-1.879919
77,84,-1.002975
77,85,4.655037
77,86,2.285893
77,87,5.446022
77,88,5.623889
77,89,-2.021069
77,90,0.852844
77,91,8.314340
77,92,-1.217392
77,93,-1.686605
77,94,-0.774474
77,95,1.810841
77,96,-1.962495
77,97,5.561801
77,98,-2.723882
77,99,5.429116
78,78,-41.288903
78,79,-12.453990
78,80,-15.622894
78,81,6.878276
78,82,-13.575994
78,83,3.287698
78,84,6.961355
78,85,-4.701982
78,86,-10.178600
78,87,-11.035797
78,88,-12.245215
78,89,3.911861
78,90,4.611184
78,91,-13.576720
78,92,6.273377
78,93,5.028582
78,94,4.718229
78,95,3.837857
78,96,5.740515
78,97,-9.540073
78,98,6.572675
78,99,-7.090939
79,79,-57.170670
79,80,-14.153916
79,81,6.024667
79,82,-8.824252
79,83,6.347366
79,84,6.422180
79,85,-6.974955
79,86,-9.158117
79,87,-13.724022
79,88,-12.900236
79,89,2.910094
79,90,6.298742
79,91,-14.368906
79,92,5.363636
79,93,8.219680
79,94,8.142407
79,95,7.493854
79,96,3.813129
79,97,-10.424011
79,98,6.424362
79,99,-7.102690
80,80,-37.279974
80,81,5.150820
80,82,-8.345094
80,83,5.426393
80,84,4.022729
80,85,-9.101991
80,86,-12.005330
80,87,-14.602265
80,88,-6.124136
80,89,4.558981
80,90,5.667913
80,91,-10.064565
80,92,5.657187
80,93,5.622783
80,94,1.999701
80,95,4.293819
80,96,5.984705
80,97,-6.643340
80,98,5.361430
80,99,-14.914752
81,81,15.946707
81,82,3.595544
81,83,-0.793339
81,84,-2.056275
81,85,6.573490
81,86,2.195029
81,87,6.949219
81,88,5.503486
81,89,-0.462943
81,90,0.308345
81,91,5.311541
81,92,-1.883532
81,93,0.537811
81,94,-1.277771
81,95,0.026092
81,96,-1.257432
81,97,4.857061
81,98,0.088087
81,99,8.774054
82,82,-50.708776
82,83,6.024295
82,84,3.409059
82,85,-13.731760
82,86,-12.893657
82,87,-8.838220
82,88,-9.614329
82,89,5.680120
82,90,6.541471
82,91,-8.724649
82,92,6.638335
82,93,5.070770
82,94,5.697819
82,95,6.452063
82,96,4.724558
82,97,-7.944219
82,98,7.352292
82,99,-11.821353
83,83,24.649981
83,84,1.083947
83,85,5.108767
83,86,6.187303
83,87,3.001507
83,88,2.550221
83,89,-1.795647
83,90,0.494759
83,91,6.834666
83,92,0.500127
83,93,-0.404168
83,94,-0.757439
83,95,-0.562240
83,96,-0.574097
83,97,5.098031
83,98,-1.594333
83,99,6.654218
84,84,11.990029
84,85,7.838901
84,86,5.767110
84,87,5.782484
84,88,5.459136
84,89,0.306458
84,90,-1.816527
84,91,3.090560
84,92,-0.174238
84,93,-0.144569
84,94,-2.451055
84,95,2.165057
84,96,-1.603959
84,97,5.059479
84,98,0.117839
84,99,7.745006
85,85,-37.155391
85,86,-8.380994
85,87,-13.844694
85,88,-11.416679
85,89,2.696089
85,90,5.719102
85,91,-13.651416
85,92,5.038499
85,93,3.942185
85,94,4.378888
85,95,4.490454
85,96,6.884521
85,97,-11.313007
85,98,6.705337
85,99,-8.471333
86,86,-44.245167
86,87,-11.089363
86,88,-14.198118
86,89,5.738781
86,90,4.579912
86,91,-10.046119
86,92,4.525359
86,93,5.090902
86,94,5.138662
86,95,4.762121
86,96,7.445243
86,97,-12.164036
86,98,5.387014
86,99,-10.891711
87,87,-32.274741
87,88,-16.379702
87,89,5.315872
87,90,7.661024
87,91,-10.783697
87,92,7.329314
87,93,5.343975
87,94,5.695068
87,95,4.704689
87,96,4.260049
87,97,-7.532349
87,98,5.322723
87,99,-8.678229
88,88,-37.690561
88,89,4.760225
88,90,6.110550
88,91,-8.100071
88,92,4.877942
88,93,6.956110
88,94,3.989952
88,95,2.629707
88,96,4.570971
88,97,-9.048756
88,98,8.415931
88,99,-10.526680
89,89,26.803481
89,90,-0.611304
89,91,5.149103
89,92,1.426027
89,93,-0.844025
89,94,0.282946
89,95,-1.040696
89,96,0.523284
89,97,4.636277
89,98,-0.540359
89,99,6.139801
90,90,17.323506
90,91,7.287784
90,92,-1.237593
90,93,-1.705526
90,94,-0.899757
90,95,1.237054
90,96,-1.651699
90,97,4.849565
90,98,-2.827797
90,99,7.287215
91,91,-60.882297
91,92,3.785203
91,93,3.901042
91,94,3.905056
91,95,6.531842
91,96,2.949379
91,97,-7.876770
91,98,6.841019
91,99,-10.013816
92,92,22.689761
92,93,0.117438
92,94,-0.424597
92,95,-2.290185
92,96,0.259853
92,97,3.873786
92,98,-0.437862
92,99,5.076730
93,93,33.483073
93,94,-2.504497
93,95,-1.439529
93,96,-1.026953
93,97,3.970556
93,98,-1.414383
93,99,5.834852
94,94,16.077308
94,95,-1.670663
94,96,-1.856391
94,97,5.610938
94,98,-1.784340
94,99,7.285153
95,95,33.552543
95,96,-0.725512
95,97,5.301396
95,98,1.412472
95,99,6.216910
96,96,4.506834
96,97,4.598851
96,98,-0.599294
96,99,6.202927
97,97,-46.151992
97,98,5.191389
97,99,-10.328517
98,98,13.683541
98,99,5.657361
99,99,-66.011851
