# target,00100000100000001011001110010010111010101100001000
i,j,weight
0,0,0.423934
0,8,2.861598
0,16,1.241810
0,28,1.640769
0,29,-1.974645
0,34,-0.162387
0,36,2.644976
0,40,1.573072
0,42,-2.523340
0,44,-2.038705
0,47,-1.673842
0,48,1.439614
1,1,4.466183
1,2,2.173411
1,5,-1.494016
1,6,-1.779089
1,9,1.220409
1,10,1.767486
1,13,-4.151057
1,14,2.353153
1,23,2.689133
1,24,-1.729025
1,28,-1.270905
1,37,1.520151
1,39,2.810160
1,44,-0.075896
1,46,2.777517
1,47,-1.692760
2,2,-4.963245
2,3,2.171926
2,6,-1.609229
2,12,2.297425
2,13,1.098458
2,14,-2.805646
2,18,-1.218457
2,19,-1.778210
2,29,2.026624
2,30,-1.029394
2,32,-2.028028
2,38,-2.359431
2,44,-1.355148
2,46,2.397523
3,3,-0.201853
3,4,-1.634391
3,6,-1.111666
3,8,-2.745860
3,9,2.963832
3,17,1.884693
3,18,2.632220
3,21,1.570725
3,24,2.420496
3,28,-2.651654
3,29,2.973770
3,36,2.330043
3,39,2.992829
3,40,2.066950
3,45,-2.526222
3,49,1.165412
4,4,17.424986
4,9,1.062535
4,11,-1.457781
4,13,-2.260174
4,16,1.452586
4,25,1.903608
4,27,2.977860
4,29,2.741121
4,31,-2.171477
4,33,-2.793763
4,34,-1.024708
4,35,-4.501385
4,37,-2.071473
4,41,-2.007387
4,46,1.788259
4,48,2.410223
4,49,2.486665
5,5,1.872022
5,18,-2.978505
5,23,-1.532013
5,30,1.141858
5,32,2.740892
5,34,1.926357
5,37,2.494320
5,41,2.877756
5,42,-1.953079
5,49,-2.165617
6,6,3.427017
6,11,-2.153196
6,23,1.019989
6,28,-2.173542
6,34,2.389368
6,36,2.226520
6,39,2.137409
6,42,1.089538
6,48,-1.238316
7,7,14.160997
7,10,-2.319763
7,11,-2.393400
7,14,-2.629682
7,20,-2.611701
7,22,0.526961
7,35,-1.974554
7,36,1.174100
7,39,1.114918
7,44,-3.307967
7,45,-1.183006
7,47,-1.037205
8,8,-11.796867
8,10,2.303792
8,14,-1.727240
8,15,1.924682
8,17,1.385824
8,18,1.488147
8,19,1.051379
8,28,-2.981222
8,30,2.015343
8,39,4.166071
8,40,-1.820111
8,43,-1.219537
8,44,1.459459
8,45,1.556362
9,9,10.299223
9,11,-0.267479
9,22,3.281154
9,28,-2.974796
9,37,2.026018
9,38,-1.027641
9,45,-5.073112
9,48,-2.675996
10,10,3.188453
10,17,-2.517883
10,19,-1.599002
10,20,-1.351896
10,22,1.142623
10,23,-1.438980
10,26,-2.699026
10,32,1.634398
10,35,-1.000744
10,43,-1.585679
10,47,-1.382662
10,48,-2.495046
11,11,8.725748
11,13,-1.747950
11,14,0.335715
11,21,-2.853277
11,24,2.672175
11,32,-2.136591
11,34,1.318249
11,35,2.109225
11,36,2.903414
11,43,-1.340242
11,49,-4.025542
12,12,2.166323
12,17,-2.047950
12,23,2.894686
12,26,-2.507623
12,29,-1.529510
12,34,2.217600
12,37,-1.546010
12,45,-1.877308
12,46,-2.335974
12,49,1.876920
13,13,13.017176
13,15,-1.499280
13,18,-1.052897
13,22,-2.496776
13,25,-2.216263
13,33,-2.960808
13,38,2.706397
13,42,-2.909851
13,43,-2.450299
13,44,-2.753336
13,46,1.716137
14,14,4.006794
14,15,2.367782
14,28,1.900325
14,33,2.257172
14,37,-0.029905
14,43,-2.069567
14,44,-1.731080
15,15,2.641432
15,16,1.894174
15,17,1.982340
15,19,1.322216
15,21,-2.564682
15,27,-2.270005
15,29,-2.940774
15,33,2.853376
15,34,1.292627
15,37,-2.814398
15,38,-0.165299
15,39,2.431939
15,44,-2.470494
15,45,0.153555
16,16,-10.915786
16,20,1.452943
16,28,2.092584
16,34,0.550488
16,35,2.901813
16,39,-1.570441
16,42,1.197957
16,45,1.357123
17,17,2.999702
17,26,-2.577098
17,30,0.626750
17,33,1.147560
17,40,-1.513877
17,43,1.404189
17,46,2.377838
17,47,2.694417
17,48,1.780800
18,18,-1.378249
18,21,1.617601
18,24,-1.393502
18,27,-1.503827
18,29,2.310329
18,30,-2.841501
18,33,-3.882651
18,36,1.697620
18,41,1.020681
18,44,-1.832543
18,49,2.502534
19,19,-2.730391
19,27,-0.690623
19,29,0.065505
19,30,-1.408965
19,32,2.216761
19,37,1.930623
19,39,2.486804
19,43,2.503614
19,46,-1.545611
19,47,1.653497
20,20,8.655711
20,22,1.992983
20,23,1.486603
20,32,-1.858248
20,34,1.501691
20,37,2.919877
20,46,-2.411135
20,49,-2.271828
21,21,8.096947
21,24,1.364614
21,29,-2.320938
21,30,1.968395
21,32,-1.877341
21,34,-1.425417
21,35,-1.388160
21,36,1.329536
21,40,-1.429600
21,42,-1.091546
21,44,1.173099
22,22,-1.654938
22,24,-1.012226
22,42,-1.126389
23,23,-1.204234
23,26,-2.298994
23,27,-2.075569
23,29,-2.611474
23,33,-1.274574
23,35,0.176360
23,39,1.995132
23,40,-2.281919
23,42,2.332221
23,46,-1.657231
23,48,2.552645
24,24,4.630419
24,25,-2.005155
24,27,-2.193489
24,28,-1.866337
24,29,1.794631
24,30,-1.168407
24,34,-3.099190
24,35,-1.458127
24,38,-1.283283
24,43,-1.884491
24,44,-1.900315
25,25,4.221417
25,34,2.798377
25,35,1.265691
25,44,2.305906
25,45,1.508223
25,47,1.576282
26,26,10.525980
26,28,-2.195393
26,31,2.843229
26,32,1.646346
26,34,-1.132171
26,36,1.834787
26,37,2.898623
26,38,-0.596808
26,42,-1.232215
26,47,1.747837
27,27,-3.863481
27,31,1.182982
27,33,2.480989
27,36,-1.734201
27,37,-2.841716
27,48,1.393126
28,28,8.333661
28,30,1.488310
28,36,1.743185
28,38,-2.927032
28,44,-1.257734
28,47,2.587231
29,29,7.018221
29,30,1.888100
29,33,-2.147526
29,34,-1.580666
29,39,-1.860617
29,41,1.362099
29,47,-1.359978
30,30,-1.835379
30,32,-2.124300
30,35,1.418526
30,36,1.234064
30,39,3.014771
30,40,1.048081
31,31,10.011739
31,32,1.893473
31,37,-2.123214
31,39,-2.151515
31,43,-1.549692
31,45,-2.699357
31,47,-1.861830
31,48,-2.080478
31,49,-1.175824
32,32,-5.445884
32,35,2.448325
32,38,-1.885056
32,40,-0.028406
32,41,-1.068110
32,42,1.044896
32,43,2.340778
32,45,-2.392857
33,33,-18.103486
33,37,-1.565105
33,39,4.234915
33,40,-0.021344
33,41,-2.305550
33,42,2.776897
33,43,1.170132
33,45,2.923298
33,46,2.819587
34,34,-7.606798
34,35,0.045499
34,40,-1.065037
34,42,-2.280574
34,49,-2.511693
35,35,0.372192
35,37,1.605420
35,39,-1.207302
35,40,1.139834
35,41,1.528029
35,44,0.482757
36,36,-12.573136
36,38,-2.630862
36,39,2.534730
36,45,1.061456
37,37,15.845132
37,39,-1.834222
37,40,-2.392962
37,42,-2.722600
37,45,-2.583325
37,47,2.240504
37,48,-1.885703
38,38,-3.136759
38,39,2.123001
38,42,1.920109
38,48,-2.902406
38,49,2.043320
39,39,-2.107763
39,42,-2.994981
39,43,-2.276218
40,40,-6.067008
40,44,-0.437727
41,41,-6.788564
41,43,1.553882
41,45,-1.341492
42,42,1.427985
42,48,2.517901
43,43,10.973249
43,44,-2.121718
43,47,-1.799663
44,44,22.216455
44,45,-1.973771
44,46,-2.166711
44,48,-1.218625
45,45,16.477975
45,47,-1.614916
45,48,1.320212
45,49,-1.194671
46,46,-3.559879
46,47,-1.136778
47,47,8.333413
47,49,1.383171
48,48,7.323118
49,49,1.780048
